0	0
0	6146
0	5886
0	6122
0	2798
0	2986
0	5230
0	227
0	7287
0	454
0	8400
1	522
1	250
1	9458
1	2113
1	4806
1	5601
1	3388
1	3573
1	5139
2	1355
2	89
2	83
2	7
2	66
2	49
2	74
2	63
2	45
2	14
2	93
2	75
2	19
2	73
2	55
2	4
2	12
2	27
2	6
2	64
2	92
2	21
2	12
2	49
2	100
2	75
2	3
2	81
2	61
2	97
2	24
2	2
2	75
2	54
2	95
2	12
2	34
2	67
2	68
2	51
2	52
2	67
2	57
2	40
2	68
2	71
2	70
2	59
2	32
2	28
2	27
2	93
2	84
2	51
2	60
2	93
2	61
2	72
2	23
2	5
2	24
2	67
2	72
2	31
2	22
2	70
2	68
2	29
2	51
2	72
2	36
2	1
2	46
2	39
2	3
2	85
2	90
2	2
2	69
2	11
2	68
2	53
2	35
2	43
2	46
2	51
2	56
2	77
2	76
2	75
2	20
2	21
2	29
2	84
2	88
2	7
2	54
2	47
2	100
2	69
2	94
2	84
2	24
2	31
2	75
2	10
2	100
2	52
2	50
2	94
2	57
2	54
2	19
2	16
2	52
2	54
2	50
2	70
2	44
2	10
2	18
2	72
2	86
2	86
2	13
2	49
2	3
2	24
2	25
2	30
2	4
2	83
2	88
2	70
2	98
2	48
2	59
2	26
2	52
2	27
2	22
2	1
2	29
2	51
2	74
2	55
2	2
2	98
2	10
2	66
2	49
2	17
2	22
2	61
2	38
2	28
2	9
2	62
2	12
2	89
2	88
2	13
2	83
2	90
2	77
2	35
2	23
2	52
2	28
2	29
2	8
2	70
2	99
2	71
2	57
2	58
2	89
2	30
2	68
2	70
2	54
2	42
2	35
2	100
2	63
2	66
2	85
2	86
2	78
2	40
2	24
2	64
2	26
2	26
2	14
2	55
2	51
2	27
2	52
2	77
2	91
2	64
2	49
2	83
2	27
2	37
2	73
2	88
2	47
2	3
2	52
2	41
2	63
2	36
2	6
2	71
2	78
2	52
2	77
2	24
2	91
2	1
2	36
2	77
2	8
2	35
2	66
2	28
2	72
2	21
2	7
2	14
2	80
2	20
2	67
2	78
2	89
2	1
2	86
2	89
2	68
2	73
2	19
2	20
2	44
2	9
2	14
2	90
2	1
2	95
2	86
2	57
2	88
2	62
2	64
2	68
2	14
2	12
2	17
2	33
2	46
2	20
2	73
2	85
2	35
2	41
2	12
2	82
2	2
2	52
2	94
2	61
2	8
2	89
2	57
2	65
2	66
2	76
2	15
2	71
2	48
2	56
2	79
2	56
2	78
2	83
2	89
2	95
2	69
2	9
2	23
2	23
2	96
2	32
2	82
2	93
2	57
2	74
2	43
2	41
2	85
2	66
2	30
2	77
2	2
2	9
2	7
2	5
2	31
2	35
2	31
2	96
2	10
2	9
2	13
2	62
2	25
2	39
2	71
2	83
2	58
2	14
2	74
2	80
2	81
2	66
2	15
2	14
2	95
2	90
2	36
2	72
2	23
2	43
2	4
2	57
2	95
2	53
2	11
2	23
2	7
2	48
2	61
2	100
2	100
2	71
2	17
2	79
2	67
2	32
2	78
2	33
2	44
2	15
2	1
2	89
2	18
2	4
2	83
2	79
2	22
2	33
2	7
2	97
2	6
2	25
2	76
2	41
2	26
2	92
2	40
2	39
2	96
2	13
2	97
2	56
2	4
2	87
2	13
2	77
2	28
2	34
2	71
2	70
2	65
2	24
2	75
2	45
2	47
2	91
2	38
2	90
2	25
2	57
2	87
2	35
2	73
2	55
2	27
2	7
2	92
2	33
2	31
2	48
2	68
2	90
2	87
2	40
2	89
2	17
2	13
2	73
2	59
2	70
2	15
2	54
2	40
2	32
2	57
2	38
2	3
2	2
2	57
2	29
2	87
2	77
2	2
2	78
2	16
2	16
2	63
2	2
2	65
2	38
2	6
2	76
2	22
2	13
2	5
2	93
2	18
2	76
2	50
2	22
2	69
2	22
2	48
2	25
2	53
2	15
2	39
2	84
2	30
2	27
2	57
2	97
2	99
2	8
2	25
2	17
2	100
2	6
2	12
2	7
2	95
2	41
2	1
2	78
2	19
2	66
2	71
2	52
2	12
2	83
2	97
2	84
2	92
2	94
2	62
2	20
2	40
2	65
2	29
2	14
2	94
2	29
2	80
2	49
2	42
2	31
2	18
2	56
2	38
2	99
2	61
2	17
2	56
2	3
2	73
2	57
2	44
2	39
2	71
2	100
2	27
2	57
2	13
2	7
2	42
2	77
2	56
2	14
2	58
2	87
2	42
2	20
2	50
2	29
2	15
2	63
2	11
2	38
2	48
2	81
2	85
2	37
2	76
2	62
2	91
2	60
2	26
2	25
2	34
2	43
2	34
2	68
2	79
2	15
2	78
2	80
2	1
2	84
2	98
2	42
2	65
2	2
2	24
2	63
2	2
2	55
2	88
2	96
2	11
2	2
2	1
2	10
2	90
2	13
2	73
2	34
2	92
2	4
2	6
2	83
2	35
2	20
2	5
2	58
2	78
2	35
2	57
2	8
2	91
2	90
2	53
2	39
2	64
2	34
2	79
2	22
2	18
2	24
2	85
2	82
2	86
2	29
2	60
2	97
2	53
2	83
2	66
2	60
2	74
2	71
2	21
2	52
2	33
2	94
2	73
2	22
2	16
2	9
2	48
2	46
2	96
2	31
2	24
2	62
2	71
2	95
2	39
2	23
2	37
2	82
2	47
2	13
2	32
2	38
2	87
2	24
2	56
2	65
2	65
2	79
2	97
2	52
2	24
2	11
2	6
2	28
2	2
2	64
2	57
2	58
2	67
2	69
2	50
2	15
2	61
2	31
2	51
2	44
2	33
2	3
2	28
2	81
2	96
2	59
2	30
2	16
2	69
2	41
2	94
2	73
2	53
2	67
2	75
2	6
2	24
2	91
2	53
2	22
2	11
2	93
2	90
2	46
2	8
2	94
2	78
2	92
2	79
2	53
2	62
2	66
2	99
2	45
2	53
2	18
2	35
2	80
2	70
2	10
2	61
2	2
2	72
2	38
2	14
2	65
2	26
2	14
2	64
2	79
2	42
2	11
2	60
2	100
2	76
2	51
2	46
2	32
2	15
2	34
2	47
2	63
2	80
2	9
2	89
2	57
2	65
2	4
2	78
2	73
2	96
2	86
2	5
2	34
2	16
2	56
2	43
2	50
2	23
2	17
2	24
2	74
2	39
2	12
2	84
2	86
2	61
2	41
2	16
2	3
2	65
2	71
2	86
2	46
2	30
2	42
2	27
2	26
2	23
2	94
2	54
2	1
2	42
2	26
2	36
2	17
2	39
2	30
2	93
2	21
2	81
2	3
2	87
2	53
2	52
2	63
2	29
2	16
2	84
2	91
2	29
2	78
2	43
2	47
2	34
2	86
2	93
2	76
2	56
2	7
2	39
2	55
2	39
2	73
2	82
2	99
2	66
2	94
2	25
2	42
2	21
2	20
2	33
2	80
2	31
2	94
2	58
2	12
2	45
2	25
2	52
2	25
2	69
2	81
2	56
2	22
2	27
2	83
2	23
2	5
2	34
2	85
2	38
2	90
2	69
2	1
2	77
2	62
2	61
2	81
3	2010
3	59
3	62
3	91
3	94
3	99
3	49
3	7
3	73
3	43
3	7
3	89
3	24
3	14
3	69
3	94
3	38
3	2
3	41
3	11
3	26
3	86
3	54
3	97
3	69
3	98
3	44
3	36
3	87
3	21
3	22
3	86
3	16
3	4
3	11
3	21
3	54
3	88
3	49
3	28
3	92
3	81
3	58
3	45
3	1
3	54
3	9
3	78
3	38
3	95
3	36
3	80
3	38
3	48
3	33
3	95
3	71
3	64
3	100
3	20
3	56
3	33
3	32
3	17
3	21
3	48
3	42
3	45
3	82
3	81
3	61
3	16
3	64
3	31
3	11
3	9
3	71
3	65
3	54
3	93
3	20
3	48
3	41
3	96
3	51
3	43
3	86
3	69
3	55
3	15
3	48
3	70
3	36
3	2
3	38
3	76
3	89
3	44
3	91
3	63
3	17
3	53
3	85
3	55
3	29
3	23
3	63
3	96
3	6
3	80
3	56
3	9
3	30
3	4
3	25
3	36
3	1
3	66
3	31
3	93
3	63
3	86
3	32
3	18
3	68
3	66
3	77
3	49
3	23
3	30
3	59
3	87
3	10
3	85
3	56
3	47
3	6
3	7
3	90
3	13
3	35
3	5
3	55
3	9
3	76
3	11
3	52
3	47
3	50
3	67
3	99
3	73
3	42
3	91
3	32
3	63
3	36
3	46
3	76
3	66
3	50
3	14
3	97
3	3
3	90
3	76
3	66
3	30
3	44
3	86
3	98
3	68
3	97
3	88
3	28
3	1
3	36
3	49
3	53
3	21
3	4
3	58
3	22
3	65
3	71
3	54
3	29
3	95
3	53
3	69
3	15
3	19
3	88
3	51
3	40
3	89
3	100
3	64
3	97
3	6
3	73
3	67
3	77
3	18
3	18
3	8
3	21
3	49
3	45
3	72
3	78
3	56
3	34
3	48
3	83
3	5
3	99
3	87
3	6
3	90
3	3
3	39
3	96
3	16
3	99
3	72
3	25
3	13
3	53
3	96
3	40
3	3
3	14
3	76
3	10
3	31
3	75
3	37
3	22
3	58
3	84
3	41
3	50
3	16
3	30
3	75
3	58
3	28
3	82
3	53
3	33
3	46
3	85
3	96
3	77
3	9
3	89
3	19
3	53
3	78
3	62
3	15
3	26
3	41
3	80
3	83
3	85
3	96
3	97
3	18
3	14
3	74
3	42
3	67
3	99
3	64
3	64
3	50
3	10
3	92
3	23
3	71
3	68
3	83
3	24
3	27
3	14
3	73
3	90
3	23
3	52
3	60
3	83
3	91
3	43
3	44
3	38
3	93
3	66
3	36
3	36
3	10
3	76
3	35
3	89
3	40
3	8
3	17
3	88
3	96
3	80
3	88
3	9
3	98
3	57
3	84
3	86
3	61
3	70
3	54
3	84
3	88
3	72
3	79
3	39
3	72
3	66
3	51
3	73
3	44
3	66
3	81
3	90
3	58
3	54
3	44
3	16
3	78
3	25
3	51
3	32
3	16
3	26
3	65
3	62
3	65
3	49
3	5
3	49
3	21
3	28
3	64
3	20
3	23
3	76
3	65
3	58
3	83
3	68
3	68
3	94
3	78
3	78
3	38
3	92
3	25
3	85
3	89
3	82
3	55
3	97
3	42
3	50
3	39
3	64
3	27
3	74
3	85
3	94
3	21
3	87
3	57
3	72
3	53
3	65
3	70
3	79
3	72
3	82
3	33
3	51
3	27
3	54
3	14
3	6
3	17
3	44
3	51
3	91
3	86
3	37
3	50
3	69
3	55
3	58
3	1
3	57
3	56
3	65
3	12
3	81
3	45
3	9
3	34
3	74
3	22
3	49
3	95
3	70
3	69
3	100
3	80
3	56
3	83
3	16
3	92
3	55
3	59
3	26
3	73
3	27
3	65
3	50
3	75
3	3
3	62
3	21
3	6
3	99
3	7
3	22
3	78
3	41
3	80
3	8
3	3
3	44
3	12
3	42
3	63
3	85
3	86
3	48
3	5
3	85
3	17
3	19
3	23
3	28
3	20
3	47
3	71
3	99
3	86
3	4
3	27
3	59
3	19
3	29
3	21
3	52
3	18
3	58
3	72
3	94
3	44
3	64
3	31
3	96
3	36
3	34
3	78
3	70
3	40
3	33
3	33
3	14
3	75
3	2
3	9
3	74
3	57
3	68
3	80
3	29
3	94
3	9
3	17
3	99
3	59
3	30
3	48
3	81
3	5
3	59
3	9
3	64
3	28
3	65
3	11
3	68
3	95
3	40
3	14
3	80
3	8
3	23
3	76
3	16
3	17
3	27
3	72
3	40
3	69
3	69
3	21
3	100
3	4
3	77
3	21
3	59
3	56
3	45
3	34
3	38
3	68
3	43
3	33
3	33
3	36
3	72
3	20
3	57
3	21
3	2
3	99
3	84
3	93
3	65
3	19
3	62
3	1
3	48
3	46
3	85
3	36
3	93
3	1
3	42
3	28
3	5
3	8
3	32
3	2
3	45
3	57
3	41
3	72
3	13
3	11
3	74
3	38
3	6
3	80
3	16
3	17
3	30
3	1
3	100
3	21
3	67
3	18
3	48
3	79
3	96
3	80
3	91
3	22
3	24
3	32
3	4
3	21
3	38
3	98
3	28
3	46
3	5
3	46
3	10
3	59
3	22
3	61
3	5
3	25
3	83
3	50
3	59
3	18
3	33
3	64
3	29
3	42
3	5
3	56
3	94
3	21
3	99
3	10
3	35
3	70
3	51
3	25
3	57
3	90
3	30
3	86
3	41
3	59
3	20
3	84
3	92
3	15
3	23
3	74
3	37
3	70
3	65
3	21
3	34
3	52
3	82
3	41
3	29
3	65
3	95
3	3
3	65
3	56
3	20
3	36
3	62
3	57
4	2613
4	1
4	7706
4	9837
4	9423
4	5280
4	524
4	3714
4	4127
4	7603
5	3060
5	8044
5	6019
5	5007
5	9816
5	1919
6	3832
6	7863
6	9337
6	3374
6	7262
6	4642
6	3183
6	7036
6	1699
6	5569
7	4004
7	58
7	70
7	25
7	97
7	27
7	54
7	77
7	1
7	1
7	47
7	24
7	5
7	81
7	45
7	95
7	63
7	72
7	40
7	27
7	19
7	28
7	66
7	54
7	91
7	66
7	11
7	92
7	79
7	39
7	75
7	86
7	86
7	85
7	97
7	72
7	65
7	70
7	75
7	17
7	22
7	58
7	91
7	90
7	3
7	60
7	26
7	83
7	42
7	15
7	1
7	23
7	88
7	67
7	68
7	79
7	53
7	21
7	63
7	63
7	49
7	98
7	69
7	97
7	58
7	68
7	79
7	91
7	71
7	87
7	91
7	50
7	94
7	98
7	4
7	30
7	71
7	62
7	27
7	86
7	70
7	3
7	29
7	83
7	38
7	58
7	12
7	20
7	67
7	75
7	71
7	70
7	48
7	8
7	48
7	92
7	10
7	11
7	51
7	42
7	48
7	86
7	25
7	3
7	17
7	38
7	60
7	37
7	89
7	51
7	27
7	28
7	27
7	66
7	44
7	62
7	34
7	68
7	43
7	33
7	14
7	16
7	77
7	10
7	69
7	2
7	83
7	90
7	30
7	45
7	73
7	17
7	22
7	85
7	32
7	77
7	74
7	25
7	36
7	34
7	55
7	98
7	3
7	96
7	23
7	18
7	78
7	48
7	44
7	97
7	86
7	68
7	58
7	19
7	81
7	5
7	24
7	94
7	12
7	63
7	96
7	54
7	97
7	1
7	8
7	82
7	31
7	24
7	54
7	17
7	3
7	2
7	87
7	52
7	37
7	88
7	95
7	5
7	15
7	100
7	14
7	98
7	23
7	73
7	38
7	64
7	82
7	71
7	66
7	10
7	67
7	79
7	68
7	55
7	52
7	5
7	18
7	42
7	78
7	100
7	71
7	40
7	89
7	6
7	4
7	46
7	30
7	62
7	71
7	39
7	79
7	87
7	80
7	47
7	31
7	12
7	82
7	39
7	24
7	1
7	93
7	65
7	37
7	62
7	78
7	92
7	90
7	21
7	48
7	49
7	37
7	51
7	36
7	62
7	70
7	49
7	40
7	63
7	71
7	23
7	36
7	59
7	5
7	77
7	78
7	94
7	43
7	35
7	95
7	5
7	95
7	16
7	28
7	52
7	9
7	24
7	44
7	86
7	50
7	57
7	72
7	79
7	97
7	81
7	19
7	46
7	35
7	26
7	32
7	52
7	16
7	5
7	65
7	83
7	57
7	24
7	96
7	58
7	83
7	55
7	66
7	45
7	25
7	21
7	88
7	82
7	47
7	11
7	81
7	100
7	84
7	95
7	10
7	31
7	83
7	51
7	75
7	21
7	83
7	1
7	43
7	7
7	31
7	4
7	68
7	95
7	27
7	14
7	16
7	18
7	19
7	83
7	62
7	68
7	43
7	30
7	18
7	23
7	51
7	26
7	42
7	57
7	100
7	25
7	11
7	81
7	16
7	62
7	52
7	24
8	4982
8	8154
8	2709
8	9416
8	9339
8	1433
8	7995
8	9874
9	5970
9	68
9	26
9	6
9	22
9	99
9	26
9	98
9	55
9	65
9	43
9	70
9	67
9	2
9	3
9	96
9	62
9	64
9	58
9	70
9	41
9	55
9	59
9	82
9	78
9	99
9	44
9	100
9	85
9	91
9	68
9	84
9	44
9	93
9	69
9	66
9	95
9	28
9	73
9	86
9	96
9	22
9	37
9	39
9	36
9	86
9	65
9	71
9	38
9	56
9	27
9	90
9	28
9	30
9	44
9	82
9	19
9	47
9	51
9	38
9	84
9	53
9	24
9	91
9	63
9	82
9	71
9	65
9	56
9	73
9	71
9	72
9	31
9	17
9	59
9	46
9	23
9	96
9	59
9	26
9	98
9	8
9	29
9	88
9	36
9	31
9	66
9	28
9	26
9	79
9	69
9	71
9	59
9	39
9	63
9	6
9	91
9	58
9	64
9	29
9	22
9	14
9	32
9	4
9	27
9	92
9	13
9	18
9	12
9	50
9	87
9	22
9	83
9	70
9	79
9	80
9	78
9	94
9	2
9	61
9	92
9	45
9	22
9	4
9	25
9	37
9	31
9	83
9	49
9	13
9	36
9	76
9	94
9	51
9	24
9	6
9	87
9	21
9	52
9	98
9	15
9	22
9	10
9	41
9	50
9	9
9	1
9	45
9	12
9	35
9	24
9	26
9	63
9	47
9	64
9	48
9	25
9	62
9	73
9	70
9	54
9	29
9	6
9	54
9	72
9	48
9	85
9	88
9	64
9	100
9	84
9	73
9	51
9	82
9	89
9	85
9	58
9	37
9	85
9	57
9	23
9	1
9	21
9	4
9	81
9	78
9	3
9	49
9	56
9	45
9	26
9	26
9	27
9	11
9	33
9	71
9	68
9	99
9	33
9	15
9	96
9	44
9	72
9	13
9	91
9	55
9	91
9	39
9	43
9	54
9	95
9	29
9	34
9	56
9	71
9	23
9	92
9	99
9	33
9	53
9	91
9	82
9	2
9	41
9	5
9	72
9	84
9	79
9	79
9	50
9	47
9	77
9	39
9	59
9	63
9	75
9	14
9	58
9	13
9	48
9	44
9	91
9	74
9	43
9	93
9	60
9	77
9	2
9	55
9	18
9	33
9	53
9	34
9	73
9	14
9	91
9	34
9	31
9	36
9	47
9	48
9	46
9	33
9	15
9	23
9	39
9	13
9	8
9	25
9	66
9	72
9	66
9	20
9	70
9	100
9	87
9	89
9	80
9	42
9	71
9	8
9	5
9	70
9	71
9	69
9	15
9	95
9	83
9	81
9	57
9	55
9	88
9	94
9	22
9	63
9	44
9	95
9	16
9	39
9	25
9	97
9	43
9	18
9	13
9	16
9	55
9	41
9	77
9	39
9	96
9	23
9	16
9	53
9	10
9	68
9	29
9	45
9	1
9	63
9	46
9	11
9	32
9	83
9	80
9	31
9	27
9	7
9	40
9	95
9	50
9	62
9	78
9	67
9	11
9	8
9	9
9	23
9	28
9	58
9	96
9	11
9	36
9	12
9	9
9	86
9	16
9	86
9	46
9	56
9	61
9	71
9	10
9	95
9	62
9	19
9	35
9	42
9	96
9	28
9	21
9	15
9	68
9	88
9	3
9	54
9	88
9	100
9	8
9	85
9	55
9	4
9	2
9	16
9	8
9	99
9	58
9	44
9	93
9	61
9	31
9	55
9	6
9	8
9	22
9	77
9	98
9	6
9	66
9	61
9	44
9	76
9	85
9	89
9	37
9	67
9	61
9	35
9	48
9	17
9	17
9	98
9	73
9	78
9	62
9	31
9	63
9	66
9	50
9	6
9	94
9	59
9	2
9	58
9	29
9	86
9	62
9	71
9	14
9	6
9	98
9	99
9	14
9	42
9	54
9	72
9	99
9	3
9	51
9	42
9	64
9	28
9	14
9	63
9	68
9	73
9	64
9	98
9	50
9	60
9	2
9	4
9	44
9	85
9	93
9	92
9	92
9	71
9	93
9	25
9	88
9	88
9	83
9	76
9	49
9	12
9	66
9	44
9	25
9	34
9	28
9	20
9	73
9	90
9	44
9	23
9	77
9	71
9	37
9	51
9	5
9	95
9	12
9	94
9	73
9	12
9	95
9	25
9	82
9	14
9	4
9	5
9	46
9	97
9	54
9	3
9	19
9	82
9	79
9	5
9	42
9	58
9	76
9	95
9	12
9	17
9	24
9	58
9	80
9	48
9	55
9	16
9	33
9	36
9	19
9	29
9	48
9	65
9	86
9	45
9	49
9	9
9	96
9	50
9	7
9	42
9	83
9	70
9	62
9	74
9	16
9	98
9	79
9	47
9	3
9	20
9	88
9	10
9	16
9	64
9	17
9	11
9	63
9	45
9	25
9	11
9	58
9	96
9	39
9	17
9	87
9	19
9	8
9	62
9	53
9	51
9	86
9	63
9	81
9	81
9	88
9	7
9	27
9	20
9	73
9	86
9	81
9	17
9	18
9	11
9	20
9	87
9	87
9	49
9	65
9	18
9	60
9	9
9	33
9	63
9	93
9	49
9	10
9	96
9	37
9	85
9	65
9	94
9	5
9	16
9	2
9	92
9	1
9	74
9	97
9	59
9	10
9	15
9	7
9	2
9	91
9	15
9	26
9	50
9	82
9	22
9	47
9	81
9	51
9	96
9	72
9	72
9	37
9	19
9	40
9	2
9	19
9	99
9	27
9	31
9	60
9	36
9	86
9	6
9	75
9	77
9	54
9	19
9	18
9	91
9	18
9	7
9	18
9	8
9	87
9	22
9	2
9	58
9	64
9	54
9	76
9	25
9	11
9	58
9	90
9	93
9	98
9	68
9	96
9	66
9	94
9	17
9	97
9	24
9	4
9	62
9	49
9	61
9	44
9	83
9	96
9	45
9	20
9	82
9	90
9	69
9	55
9	86
9	99
9	90
9	53
9	73
9	45
9	66
9	55
9	12
9	4
9	89
9	43
9	54
9	66
9	21
9	18
9	70
9	37
9	2
9	53
9	81
9	86
9	9
9	91
9	48
9	95
9	77
9	70
9	2
9	27
9	92
9	37
9	53
9	4
9	98
9	16
9	97
9	56
9	23
9	69
9	58
9	15
9	78
9	57
9	7
9	79
9	46
9	26
9	99
9	17
9	1
9	42
9	14
9	38
9	38
9	28
9	100
9	33
9	32
9	77
9	38
9	41
9	72
9	13
9	71
9	89
9	98
9	25
9	56
9	92
9	73
9	46
9	87
9	25
9	2
9	63
9	12
9	91
9	32
9	95
9	58
9	80
9	15
9	26
9	39
9	83
9	51
9	21
9	74
9	74
9	12
9	53
9	52
9	86
9	8
9	70
9	81
9	2
9	29
9	4
9	69
9	3
9	93
9	7
9	2
9	83
9	49
9	29
9	81
9	10
9	92
9	63
9	63
9	82
9	83
9	46
9	65
9	63
9	97
9	49
9	41
9	17
9	83
9	85
9	43
9	18
9	82
9	7
9	64
9	44
9	89
9	28
9	85
9	24
9	15
9	71
9	15
9	15
9	39
9	10
9	34
9	97
9	57
9	30
9	36
9	39
9	43
9	3
9	80
9	2
9	81
9	89
9	87
9	70
9	6
9	51
9	17
9	47
9	45
9	51
9	39
9	23
9	73
9	96
9	11
9	85
9	56
9	67
9	60
9	39
9	78
9	72
9	13
9	67
9	20
9	6
9	19
9	98
9	11
9	42
9	10
9	17
9	84
9	50
9	12
9	34
9	64
9	64
9	20
9	99
9	76
9	40
9	55
9	35
9	53
9	24
9	59
9	56
9	87
9	12
9	57
9	30
9	13
9	47
9	93
9	41
9	74
9	44
9	5
9	54
9	35
9	70
9	23
9	8
9	34
9	21
9	26
9	55
9	22
9	63
9	83
9	67
9	58
9	22
9	27
9	35
9	64
9	19
9	69
9	84
9	72
9	22
9	90
9	78
10	6527
10	9323
10	8609
10	1582
11	6955
11	8525
11	3798
11	5176
11	8584
11	5830
11	7279
11	9724
12	7656
12	79
12	22
12	24
12	72
12	35
12	34
12	63
12	70
12	61
12	47
12	6
12	39
12	91
12	20
12	2
12	87
12	59
12	75
12	84
12	63
12	96
12	12
12	46
12	88
12	65
12	53
12	87
12	32
12	92
12	10
12	90
12	15
12	43
12	6
12	28
12	85
12	83
12	18
12	76
12	2
12	84
12	71
12	81
12	21
12	91
12	7
12	5
12	34
12	30
12	16
12	4
12	70
12	88
12	14
12	31
12	78
12	70
12	45
12	52
12	62
12	91
12	20
12	18
12	89
12	18
12	86
12	26
12	13
12	78
12	73
12	5
12	81
12	57
12	12
12	68
12	92
12	52
12	20
12	26
12	86
12	12
12	53
12	26
12	63
12	25
12	87
12	64
12	4
12	37
12	61
12	72
12	21
12	5
12	63
12	36
12	26
12	60
12	20
12	77
12	79
12	59
12	38
12	74
12	25
12	71
12	11
12	23
12	57
12	36
12	26
12	38
12	26
12	73
12	46
12	38
12	20
12	29
12	98
12	17
12	65
12	29
12	92
12	48
12	24
12	49
12	76
12	32
12	80
12	97
12	62
12	40
12	95
12	35
12	62
12	67
12	23
12	31
12	76
12	35
12	30
12	71
12	36
12	62
12	91
12	53
12	9
12	95
12	4
12	76
12	7
12	73
12	35
12	14
12	67
12	79
12	85
12	63
12	1
12	39
12	72
12	70
12	93
12	19
12	24
12	91
12	31
12	79
12	67
12	65
12	58
12	63
12	14
12	27
12	44
12	75
12	11
12	59
12	98
12	90
12	44
12	22
12	37
12	82
12	33
12	86
12	18
12	22
12	83
12	52
12	95
12	58
12	35
12	12
12	20
12	76
12	39
12	22
12	39
12	90
12	20
12	76
12	55
12	41
12	35
12	26
12	80
12	42
12	28
12	27
12	86
12	19
12	35
12	67
12	19
12	62
12	42
12	57
12	87
12	64
12	24
12	93
12	82
12	25
12	77
12	92
12	94
12	55
12	23
12	61
12	65
12	8
12	59
12	76
12	95
12	27
12	77
12	60
12	20
12	40
12	62
12	73
12	80
12	88
12	2
12	42
12	56
12	2
12	38
12	53
12	52
12	45
12	25
12	61
12	92
12	95
12	7
12	91
12	91
12	80
12	71
12	24
12	92
12	38
12	41
12	63
12	55
12	11
12	86
12	41
12	10
12	14
12	61
12	94
12	34
12	3
12	97
12	38
12	65
12	11
12	61
12	77
12	96
12	83
12	91
12	24
12	30
12	87
12	76
12	45
12	16
12	63
12	32
12	47
12	33
12	26
12	49
12	85
12	52
12	70
12	78
12	55
12	52
12	18
12	96
12	81
12	3
12	11
12	55
12	57
12	42
12	59
12	97
12	87
12	84
12	53
12	15
13	8251
13	83
13	28
13	68
13	80
13	52
13	51
13	98
13	16
13	69
13	35
13	69
13	86
13	100
13	48
13	1
13	91
13	37
13	69
13	89
13	27
13	79
13	7
13	99
13	73
13	6
13	32
13	3
13	72
13	70
13	42
13	99
13	94
13	90
13	94
13	33
13	63
13	56
13	87
13	63
13	89
13	35
13	48
13	61
13	5
13	10
13	24
13	20
13	16
13	77
13	93
13	31
13	100
13	90
13	8
13	25
13	25
13	57
13	3
13	94
13	33
13	32
13	37
13	95
13	75
13	15
13	56
13	32
13	55
13	33
13	18
13	87
13	16
13	8
13	20
13	92
13	67
13	2
13	66
13	51
13	19
13	44
13	98
13	86
13	75
13	5
13	58
13	27
13	70
13	6
13	51
13	53
13	50
13	81
13	84
13	52
13	15
13	20
13	33
13	98
13	89
13	61
13	74
13	31
13	93
13	30
13	29
13	44
13	66
13	53
13	68
13	46
13	47
13	44
13	42
13	54
13	93
13	73
13	1
13	83
13	78
13	90
13	8
13	23
13	44
13	40
13	83
13	31
13	72
13	82
13	28
13	10
13	24
13	34
13	49
13	23
13	87
13	3
13	80
13	69
13	90
13	18
13	6
13	6
13	83
13	8
13	53
13	94
13	83
13	46
13	53
13	80
13	21
13	58
13	84
13	52
13	49
13	100
13	53
13	72
13	78
13	68
13	81
13	56
13	3
13	23
13	69
13	20
13	64
13	48
13	53
13	11
13	89
13	37
13	97
13	88
13	46
13	63
13	92
13	85
13	91
13	13
13	34
13	71
13	44
13	13
13	64
13	52
13	54
13	69
13	18
13	20
13	98
13	75
13	40
13	52
13	72
13	48
13	4
13	22
13	33
13	91
13	75
13	64
13	21
13	1
13	11
13	15
13	24
13	5
13	54
13	75
13	12
13	54
13	61
13	3
13	96
13	5
13	76
13	15
13	65
13	14
13	50
13	93
13	49
13	89
13	17
13	88
13	21
13	85
13	46
13	85
13	63
13	19
13	88
13	1
13	25
13	23
13	72
13	54
13	99
13	4
13	79
13	80
13	43
13	69
13	41
13	76
13	55
13	25
13	73
13	26
13	6
13	32
13	41
13	25
13	35
13	2
13	65
13	34
13	86
13	72
13	35
13	82
13	28
13	75
13	56
13	50
13	77
13	71
13	5
13	3
13	92
13	2
13	12
13	67
13	52
13	23
13	25
13	71
13	92
13	48
13	68
13	45
13	37
13	99
13	41
13	61
13	33
13	54
13	28
13	71
13	72
13	59
13	54
13	59
13	17
13	20
13	51
13	30
13	71
13	7
13	77
13	38
13	11
13	48
13	60
13	88
13	61
13	68
13	69
13	100
13	45
13	83
13	94
13	82
13	12
13	64
13	10
13	20
13	96
13	25
13	21
13	85
13	32
13	59
13	63
13	49
13	68
13	25
13	87
13	34
13	76
13	86
14	9040
14	2224
14	283
15	10023
15	45
15	36
15	31
15	72
15	18
15	32
15	51
15	16
15	48
15	14
15	11
15	54
15	85
15	76
15	78
15	36
15	13
15	73
15	79
15	44
15	37
15	80
15	32
15	58
15	11
15	88
15	89
15	8
15	4
15	25
15	54
15	55
15	71
15	62
15	60
15	91
15	74
15	16
15	62
15	88
15	37
15	36
15	67
15	17
15	61
15	44
15	42
15	99
15	87
15	1
15	36
15	4
15	85
15	99
15	8
15	38
15	98
15	45
15	10
15	36
15	67
15	20
15	35
15	74
15	85
15	94
15	92
15	5
15	53
15	77
15	66
15	43
15	57
15	95
15	88
15	19
15	50
15	81
15	63
15	31
15	29
15	5
15	14
15	83
15	75
15	100
15	5
15	72
15	11
15	96
15	52
15	89
15	98
15	66
15	94
15	66
15	33
15	30
15	97
15	20
15	12
15	74
15	74
15	97
15	17
15	33
15	69
15	50
15	87
15	39
15	37
15	23
15	5
15	62
15	2
15	11
15	87
15	69
15	29
15	72
15	31
15	84
15	82
15	76
15	20
15	64
15	45
15	50
15	12
15	74
15	58
15	96
15	42
15	45
15	71
15	20
15	59
15	80
15	76
15	62
15	100
15	12
15	82
15	49
15	35
15	57
15	100
15	43
15	10
15	42
15	89
15	54
15	96
15	8
15	67
15	61
15	80
15	71
15	4
15	24
15	19
15	76
15	71
15	51
15	49
15	59
15	51
15	75
15	79
15	94
15	56
15	1
15	88
15	86
15	70
15	34
15	73
15	34
15	38
15	65
15	46
15	12
15	86
15	32
15	11
15	1
15	99
15	75
15	12
15	30
15	73
15	76
15	57
15	59
15	96
15	24
15	98
15	39
15	58
15	33
15	16
15	39
15	100
15	57
15	80
15	8
15	76
15	76
15	56
15	49
15	66
15	77
15	7
15	16
15	17
15	28
15	33
15	69
15	15
15	64
15	99
15	34
15	66
15	67
15	46
15	55
15	1
15	42
15	73
15	75
15	77
15	32
15	62
15	48
15	28
15	84
15	11
15	21
15	92
15	57
15	87
15	64
15	68
15	98
15	47
15	51
15	66
15	31
15	15
15	43
15	49
15	35
15	87
15	96
15	23
15	40
15	96
15	27
15	57
15	28
15	96
15	2
15	32
15	8
15	43
15	20
15	23
15	27
15	82
15	16
15	56
15	99
15	4
15	48
15	48
15	53
15	83
15	71
15	18
15	71
15	36
15	85
15	68
15	35
15	97
15	50
15	65
15	91
15	79
15	10
15	27
15	25
15	61
15	83
15	32
15	68
15	15
15	12
15	78
15	15
15	43
15	54
15	50
15	23
15	78
15	25
15	37
15	82
15	52
15	12
15	61
15	45
15	74
15	20
15	45
15	18
15	88
15	51
15	48
15	65
15	65
15	22
15	5
15	62
15	30
15	40
15	31
15	41
15	29
15	56
15	6
15	73
15	46
15	3
15	10
15	44
15	92
15	14
15	73
15	35
15	60
15	2
15	1
15	62
15	83
15	11
15	10
15	61
15	22
15	17
15	46
15	25
15	56
15	5
15	47
15	23
15	41
15	97
15	29
15	64
15	22
15	69
15	55
15	92
15	32
15	45
15	4
15	71
15	51
15	30
15	6
15	80
15	64
15	94
15	72
15	33
15	1
15	62
15	47
15	56
15	74
15	58
15	33
15	38
15	90
15	40
15	62
15	75
15	82
15	75
15	87
15	50
15	69
15	99
15	85
15	17
15	87
15	99
15	30
15	45
15	77
15	74
15	67
15	1
15	48
15	85
15	62
15	76
15	62
15	70
15	65
15	56
15	54
15	57
15	4
15	31
15	35
15	78
15	82
15	90
15	76
15	91
15	86
15	93
15	57
15	55
15	58
15	3
15	25
15	11
15	72
15	79
15	31
15	72
15	72
15	17
15	27
15	62
15	27
15	83
15	49
15	93
15	11
15	97
15	65
15	35
15	87
15	74
15	53
15	55
15	95
15	22
15	25
15	18
15	100
15	49
15	30
15	77
15	77
15	74
15	49
15	63
15	75
15	37
15	23
15	21
15	86
15	77
15	50
15	28
15	24
15	84
15	40
15	86
15	63
15	68
15	72
15	63
15	97
15	25
15	65
15	21
15	65
15	85
15	76
15	39
15	11
15	59
15	52
15	86
15	53
15	63
15	33
15	51
15	94
15	16
15	47
15	77
15	16
15	84
15	36
15	63
15	31
15	82
15	99
15	33
15	62
15	66
15	17
15	66
15	76
15	2
15	73
15	54
15	8
15	88
15	42
15	71
15	41
15	48
15	40
15	78
15	9
15	50
15	83
15	76
15	45
15	68
15	100
15	41
15	75
15	98
15	93
15	57
15	90
15	86
15	59
15	56
15	24
15	99
15	33
15	71
15	82
15	25
15	88
15	86
15	56
15	62
15	38
15	78
15	22
15	63
15	9
15	100
15	16
15	74
15	20
15	4
15	33
15	23
15	34
15	98
15	68
15	60
15	86
15	79
15	33
15	10
15	57
15	25
15	91
15	60
15	14
15	40
15	66
15	75
15	19
15	11
15	74
15	50
15	82
15	54
15	82
15	85
15	100
15	61
15	72
15	60
15	45
15	50
15	93
15	49
15	90
15	56
15	51
15	99
15	82
15	22
15	32
15	73
15	52
15	35
15	67
15	65
15	80
15	59
15	82
15	26
15	59
15	14
15	78
15	89
15	5
15	97
15	82
15	90
15	15
15	32
15	1
15	5
15	19
15	22
15	90
15	19
15	62
15	24
15	9
15	62
15	39
15	85
15	30
15	62
15	95
15	89
15	83
15	58
15	94
15	5
15	2
15	2
15	42
15	74
15	87
15	53
15	29
15	52
15	50
15	73
15	24
15	84
15	4
15	80
15	29
15	81
15	52
15	13
15	39
15	3
15	12
15	24
15	82
15	27
15	99
15	3
15	91
15	50
15	53
15	71
15	80
15	68
15	65
15	96
15	92
15	91
15	87
15	91
15	53
15	47
15	74
15	23
15	99
15	6
15	28
15	3
15	71
15	78
15	48
15	25
15	90
15	14
15	88
15	21
15	14
15	54
15	81
15	90
15	4
15	95
15	62
15	65
15	91
15	55
15	10
15	16
15	39
15	87
15	34
15	21
15	5
15	93
15	1
15	73
15	1
15	67
15	89
15	14
15	15
15	2
15	97
15	10
15	16
15	31
15	69
15	65
15	22
15	89
15	50
15	16
15	56
15	42
15	38
15	15
15	78
15	48
15	65
15	1
15	36
15	30
15	56
15	22
15	4
15	83
15	81
15	83
15	6
15	58
15	5
15	28
15	92
15	95
15	39
15	27
15	47
15	62
15	65
15	80
15	9
15	67
15	61
15	75
16	10778
16	7744
16	741
16	4114
16	1548
16	5381
16	3503
16	3157
17	10798
17	4793
17	2630
17	480
17	8295
17	7260
17	9273
17	9131
17	5158
17	8490
18	10993
18	26
18	2
18	22
18	27
18	17
18	18
18	59
18	31
18	30
18	63
18	12
18	83
18	34
18	18
18	52
18	72
18	73
18	91
18	52
18	62
18	23
18	11
18	90
18	1
18	79
18	70
18	12
18	60
18	94
18	43
18	45
18	32
18	83
18	87
18	20
18	41
18	65
18	29
18	23
18	13
18	25
18	35
18	72
18	12
18	7
18	1
18	69
18	98
18	94
18	2
18	32
18	78
18	57
18	84
18	65
18	1
18	16
18	17
18	92
18	53
18	51
18	40
18	24
18	37
18	57
18	46
18	94
18	76
18	24
18	87
18	49
18	17
18	99
18	64
18	52
18	78
18	42
18	18
18	78
18	33
18	22
18	70
18	91
19	11733
19	55
19	89
19	90
19	54
19	41
19	33
19	81
19	3
19	46
19	48
19	19
19	80
19	9
19	16
19	13
19	26
19	82
19	58
19	99
19	64
19	19
19	59
19	43
19	76
19	65
19	66
19	57
19	20
19	7
19	43
19	77
19	44
19	80
19	99
19	96
19	73
19	87
19	29
19	11
19	35
19	5
19	97
19	54
19	98
19	89
19	75
19	52
19	10
19	54
19	88
19	18
19	11
19	76
19	49
19	88
19	15
19	24
19	58
19	95
19	6
19	31
19	21
19	71
19	37
19	91
19	70
19	34
19	79
19	67
19	87
19	42
19	69
19	71
19	51
19	86
19	69
19	77
19	21
19	94
19	97
19	89
19	52
19	44
19	15
19	27
19	33
19	80
19	79
19	61
19	16
19	19
19	95
19	94
19	45
19	59
19	74
19	85
19	1
19	56
19	94
19	16
19	36
19	37
19	96
19	8
19	27
19	3
19	48
19	58
19	72
19	32
19	36
19	99
19	48
19	73
19	64
19	76
19	51
19	40
19	19
19	78
19	58
19	8
19	41
19	14
19	22
19	57
19	42
19	55
19	15
19	1
19	70
19	39
19	80
19	79
19	67
19	85
19	33
19	24
19	24
19	16
19	43
19	34
19	38
19	42
19	16
19	28
19	15
19	8
19	25
19	92
19	2
19	72
19	44
19	36
19	21
19	62
19	52
19	52
19	37
19	23
19	100
19	66
19	60
19	80
19	59
19	48
19	8
19	25
19	97
19	72
19	39
19	64
19	78
19	67
19	76
19	99
19	36
19	41
19	63
19	27
19	83
19	88
19	42
19	11
19	15
19	76
19	53
19	24
19	79
19	8
19	93
19	7
19	65
19	67
19	2
19	66
19	45
19	59
19	96
19	62
19	23
19	91
19	32
19	4
19	12
19	40
19	68
19	91
19	59
19	54
19	46
19	64
19	25
19	33
19	41
19	23
19	78
19	91
19	73
19	17
19	89
19	22
19	24
19	70
19	67
19	30
19	56
19	64
19	7
19	27
19	59
19	38
19	28
19	63
19	50
19	64
19	32
19	37
19	82
19	19
19	39
19	70
19	36
19	38
19	4
19	43
19	58
19	60
19	10
19	44
19	100
19	7
19	34
19	87
19	12
19	4
19	57
19	73
19	63
19	97
19	3
19	93
19	40
19	89
19	18
19	73
19	91
19	56
19	68
19	73
19	26
19	58
19	9
19	22
19	67
19	3
19	43
19	100
19	73
19	83
19	10
19	83
19	58
19	82
19	11
19	8
19	5
19	92
19	94
19	21
19	49
19	83
19	47
19	66
19	71
19	92
19	32
19	77
19	4
19	22
19	75
19	32
19	60
19	54
19	42
19	100
19	39
19	29
19	63
20	12279
20	6387
20	4568
21	13107
21	25
21	62
21	10
21	77
21	14
21	50
21	31
21	2
21	42
21	21
21	91
21	36
21	16
21	29
21	96
21	54
21	38
21	92
21	88
21	71
21	96
21	68
21	83
21	56
21	13
21	52
21	26
21	61
21	48
21	92
21	6
21	5
21	92
21	7
21	12
21	54
21	39
21	92
21	56
21	51
21	27
21	54
21	83
21	79
21	24
21	97
21	49
21	58
21	5
21	2
21	38
21	91
21	100
21	13
21	36
21	60
21	67
21	40
21	59
21	16
21	82
21	35
21	80
21	58
21	58
21	34
21	38
21	35
21	64
21	83
21	55
21	85
21	43
21	58
21	89
21	96
21	95
21	53
21	60
21	36
21	10
21	37
21	11
21	10
21	16
21	40
21	74
21	81
21	27
21	37
21	17
21	60
21	2
21	4
21	91
21	15
21	6
21	17
21	19
21	92
21	94
21	60
21	100
21	77
21	36
21	88
21	77
21	87
21	38
21	61
21	63
21	71
21	59
21	47
21	73
21	94
21	33
21	72
21	36
21	25
21	83
21	85
21	91
21	18
21	23
21	35
21	89
21	24
21	93
21	70
21	8
21	63
21	21
21	51
21	97
21	76
21	65
21	71
21	79
21	22
21	93
21	17
21	19
21	44
21	72
21	90
21	42
21	55
21	16
21	72
21	50
21	68
21	69
21	42
21	22
21	61
21	4
21	58
21	51
21	86
21	53
21	14
21	93
21	37
21	12
21	97
21	53
21	72
21	99
21	32
21	51
21	40
21	32
21	47
21	74
21	1
21	52
21	67
21	92
21	36
21	46
21	14
21	2
21	34
21	66
21	86
21	26
21	56
21	43
21	46
21	22
21	81
21	93
21	97
21	44
21	46
21	76
21	76
21	15
21	98
21	87
21	89
21	35
21	69
21	19
21	17
21	28
21	42
21	86
21	39
21	3
21	35
21	82
21	80
21	3
21	22
21	94
21	9
21	46
21	73
21	55
21	9
21	92
21	45
21	58
21	16
21	51
21	39
21	73
21	99
21	19
21	96
21	42
21	53
21	60
21	32
21	66
21	26
21	100
21	11
21	25
21	72
21	37
21	28
21	82
21	57
21	81
21	35
21	59
21	48
21	73
21	3
21	71
21	84
21	88
21	78
21	90
21	94
21	82
21	67
21	9
21	5
21	3
21	13
21	98
21	4
21	41
21	82
21	38
21	12
21	3
21	17
21	91
21	53
21	59
21	33
21	28
21	50
21	83
21	52
21	73
21	11
21	88
21	24
21	10
21	78
21	16
21	95
21	46
21	62
21	32
21	37
21	65
21	21
21	41
21	76
21	78
21	80
21	28
21	26
21	53
21	32
21	5
21	46
21	66
21	48
21	71
21	71
21	24
21	99
21	95
21	12
21	36
21	41
21	71
21	87
21	76
21	100
21	94
21	5
21	24
21	87
21	8
21	89
21	13
21	32
21	28
21	85
21	32
21	33
21	42
21	71
21	37
21	70
21	18
21	5
21	15
21	26
21	100
21	70
21	96
21	14
21	68
21	38
21	100
21	74
21	34
21	43
21	26
21	52
21	55
21	43
21	38
21	15
21	89
21	41
21	71
21	5
21	97
21	86
21	97
21	93
21	66
21	55
21	76
21	11
21	56
21	63
21	83
21	18
21	4
21	58
21	57
21	6
21	71
21	67
21	74
21	37
21	28
21	91
21	68
21	100
21	37
21	22
21	6
21	59
21	27
21	52
21	37
21	34
21	85
21	70
21	16
21	14
21	25
21	16
21	11
21	39
21	31
21	24
21	26
21	51
21	25
21	11
21	85
21	48
21	45
21	30
21	29
21	32
21	62
21	73
21	24
21	14
21	28
21	45
21	82
21	91
21	23
21	52
21	73
21	32
21	22
21	44
21	83
21	20
21	15
21	31
21	43
21	9
21	15
21	88
21	19
21	19
21	57
21	85
21	57
21	22
21	90
21	30
21	44
21	71
21	1
21	77
21	29
21	82
21	22
21	28
21	6
21	94
21	47
21	98
21	57
21	43
21	85
21	32
21	52
21	27
21	26
21	97
21	73
21	40
21	36
21	51
21	98
21	18
21	70
21	98
21	1
21	97
21	37
21	70
21	35
21	95
21	80
21	3
21	88
21	92
21	16
21	87
21	99
21	10
21	29
21	93
21	89
21	6
21	56
21	46
21	58
21	75
21	11
21	89
21	55
21	78
21	49
21	94
21	79
21	22
21	41
21	3
21	5
21	3
21	71
21	87
21	42
21	32
21	90
21	29
21	71
21	98
21	11
21	42
21	66
21	44
21	95
21	27
21	72
21	36
21	61
21	85
21	19
21	34
21	54
21	48
21	89
21	89
21	32
21	8
21	6
21	33
21	49
21	8
21	37
21	22
21	33
21	33
21	95
21	55
21	86
21	33
21	75
21	37
21	73
21	78
21	59
21	74
21	75
21	81
21	31
21	57
21	11
21	12
21	41
21	13
21	77
21	56
21	11
21	11
21	66
21	9
21	86
22	13677
22	2941
22	8132
22	6736
22	4868
22	3065
22	7047
22	6249
22	2961
22	1118
23	14144
23	3591
23	1353
24	14693
24	5235
24	665
24	5149
25	14705
25	35
25	43
25	43
25	29
25	87
25	44
25	67
25	25
25	31
25	73
25	72
25	59
25	5
25	1
25	9
25	55
25	55
25	66
25	25
25	56
25	76
25	85
25	75
25	3
25	8
25	86
25	71
25	72
25	68
25	45
25	7
25	40
25	37
25	28
25	96
25	82
25	46
25	67
25	79
25	73
25	17
25	71
25	52
25	1
25	26
25	16
25	43
25	3
25	60
25	84
25	88
25	38
25	87
25	42
25	85
25	33
25	75
25	50
25	40
25	30
25	62
25	46
25	36
25	62
25	59
25	23
25	70
25	69
25	86
25	71
25	28
25	4
25	82
25	5
25	88
25	67
25	75
25	93
25	9
25	47
25	65
25	27
25	81
25	81
25	41
25	75
25	15
25	54
25	57
25	25
25	44
25	17
25	48
25	92
25	61
25	73
25	39
25	89
25	3
25	3
25	59
25	55
25	49
25	88
25	25
25	66
25	79
25	9
25	39
25	38
25	65
25	83
25	16
25	62
25	78
25	3
25	2
25	67
25	50
25	44
25	73
25	40
25	14
25	39
25	59
25	35
25	21
25	57
25	89
25	28
25	42
25	75
25	81
25	79
25	57
25	59
25	32
25	91
25	19
25	52
25	57
25	21
25	37
25	46
25	98
25	7
25	35
25	3
25	3
25	54
25	69
25	20
25	43
25	37
25	64
25	63
25	19
25	54
25	38
25	65
25	5
25	21
25	89
25	40
25	20
25	25
25	44
25	14
25	12
25	68
25	36
25	25
25	56
25	100
25	10
25	61
25	60
25	20
25	36
25	84
25	45
25	70
25	81
25	27
25	84
25	45
25	57
25	54
25	47
25	93
25	41
25	42
25	11
25	11
25	61
25	30
25	21
25	89
25	53
25	69
25	62
25	39
25	77
25	87
25	36
25	29
25	7
25	17
25	89
25	49
25	93
25	21
25	67
25	48
25	55
25	21
25	71
25	89
25	13
25	41
25	34
25	15
25	15
25	6
25	84
25	91
25	33
25	45
25	29
25	48
25	91
25	27
25	35
25	84
25	66
25	82
25	50
25	13
25	12
25	7
25	96
25	10
25	34
25	35
25	25
25	21
25	18
25	82
25	18
25	92
25	35
25	38
25	49
25	17
25	9
25	21
25	10
25	34
25	96
25	72
25	41
25	67
25	13
25	94
25	50
25	97
25	7
25	95
25	41
25	62
25	85
25	95
25	56
25	40
25	45
25	14
25	33
25	87
25	41
25	6
25	30
25	6
25	97
25	86
25	13
25	70
25	66
25	12
25	24
25	30
25	92
25	75
25	45
25	74
25	31
25	16
25	93
25	39
25	66
25	39
25	78
25	69
25	10
25	48
25	60
25	69
25	9
25	45
25	21
25	66
25	89
25	37
25	70
25	32
25	36
25	55
25	4
25	26
25	13
25	79
25	76
25	60
25	64
25	21
25	8
25	72
25	12
25	66
25	72
25	90
25	88
25	36
25	38
25	5
25	45
25	93
25	14
25	74
25	88
25	89
25	50
25	27
25	73
25	77
25	1
25	81
25	5
25	64
25	40
25	36
25	71
25	58
25	86
25	83
25	86
25	76
25	36
25	36
25	96
25	40
25	51
25	68
25	100
25	34
25	95
25	36
25	6
25	42
25	53
25	48
25	5
25	62
25	44
25	11
25	48
25	34
25	44
25	9
25	41
25	60
25	76
25	43
25	30
25	78
25	26
25	60
25	14
25	29
25	89
25	23
25	96
25	14
25	42
25	64
25	52
25	20
25	54
25	42
25	42
25	39
25	7
25	47
25	76
25	69
25	86
25	6
25	27
25	45
25	2
25	7
25	83
25	18
25	94
25	91
25	40
25	55
25	85
25	83
25	4
25	98
25	66
25	86
25	24
25	7
25	82
25	27
25	35
25	63
25	87
25	82
25	55
25	78
25	78
25	65
25	33
25	36
25	20
25	39
25	38
25	43
25	8
25	57
25	13
25	2
25	98
25	97
25	71
25	95
25	65
25	51
25	58
25	54
25	44
25	93
25	3
25	4
25	61
25	71
25	40
25	54
25	22
25	39
25	10
25	38
25	68
25	72
25	2
25	97
25	27
25	12
25	89
25	100
25	43
25	39
25	42
25	38
25	1
25	46
25	79
25	33
25	60
25	48
25	38
25	32
25	96
25	49
25	93
25	84
25	38
26	15050
26	2731
26	2273
26	7936
26	9553
26	1951
26	8901
26	6549
26	8334
26	330
27	15526
27	6598
28	15715
28	32
28	52
28	52
28	71
28	63
28	61
28	8
28	59
28	45
28	29
28	12
28	11
28	5
28	63
28	67
28	1
28	53
28	55
28	91
28	54
28	8
28	26
28	93
28	64
28	8
28	91
28	58
28	19
28	22
28	73
28	87
28	58
28	12
28	33
28	61
28	62
28	62
28	8
28	40
28	70
28	16
28	6
28	76
28	29
28	45
28	36
28	73
28	34
28	63
28	96
28	2
28	38
28	42
28	46
28	46
28	86
28	17
28	11
28	22
28	84
28	62
28	97
28	66
28	2
28	66
28	60
28	85
28	91
28	58
28	8
28	52
28	39
28	15
28	97
28	16
28	16
28	30
28	25
28	27
28	71
28	29
28	76
28	81
28	23
28	23
28	11
28	45
28	70
28	52
28	66
28	72
28	86
28	35
28	55
28	74
28	76
28	3
28	19
28	42
28	96
28	72
28	52
28	7
28	96
28	2
28	100
28	31
28	48
28	21
28	93
28	94
28	3
28	18
28	54
28	12
28	20
28	7
28	42
28	29
28	4
28	9
28	65
28	6
28	74
28	2
28	16
28	76
28	72
28	23
28	42
28	99
28	91
28	83
28	19
28	46
28	67
28	100
28	50
28	14
28	22
28	4
28	24
28	14
28	42
28	30
28	78
28	7
28	90
28	28
28	55
28	65
28	98
28	55
28	92
28	63
28	49
28	13
28	18
28	84
28	6
28	4
28	53
28	86
28	33
28	43
28	100
28	86
28	94
28	94
28	67
28	9
28	81
28	24
28	99
28	98
28	92
28	37
28	88
28	50
28	28
28	25
28	26
28	47
28	25
28	43
28	28
28	10
28	97
28	9
28	28
28	70
28	94
28	4
28	88
28	84
28	83
28	26
28	60
28	38
28	74
28	63
28	22
28	40
28	4
28	63
28	89
28	69
28	94
28	75
28	7
28	30
28	66
28	23
28	23
28	55
28	29
28	77
28	31
28	36
28	92
28	88
28	35
28	35
28	44
28	51
28	25
28	24
28	14
28	64
28	7
28	8
28	87
28	6
28	95
28	85
28	2
28	15
28	16
28	78
28	25
28	34
28	78
28	24
28	47
28	28
28	67
28	97
28	26
28	7
28	29
28	98
28	48
28	96
28	26
28	92
28	9
28	49
28	88
28	56
28	15
28	4
28	4
28	9
28	42
28	98
28	49
28	5
28	73
28	97
28	9
28	58
28	76
28	96
28	93
28	63
28	18
28	72
28	63
28	11
28	64
28	70
28	50
28	70
28	38
28	81
28	6
28	7
28	65
28	65
28	63
28	33
28	38
28	56
28	83
28	49
28	1
28	48
28	2
28	22
28	60
28	62
28	42
28	69
28	75
28	80
28	62
28	44
28	100
28	67
28	58
28	55
28	74
28	56
28	78
28	46
28	59
28	69
28	94
28	48
28	35
28	35
28	86
28	57
28	46
28	67
28	9
28	45
28	35
28	76
28	12
28	68
28	76
28	53
28	63
28	67
28	98
28	32
28	82
28	29
28	74
28	16
28	71
28	50
28	87
28	28
28	48
28	47
28	74
28	13
28	65
28	97
28	48
28	53
28	46
28	46
28	1
28	82
28	41
28	6
28	50
28	93
28	49
28	55
28	31
28	51
28	1
28	64
28	18
28	15
28	36
28	87
28	32
28	33
28	48
28	16
28	39
28	66
28	53
28	82
28	87
28	52
28	74
28	72
28	48
28	82
28	57
28	67
28	51
28	31
28	39
28	36
28	45
28	12
28	4
28	38
28	16
28	68
28	71
28	24
28	45
28	53
28	98
28	30
28	64
28	10
28	88
28	60
28	41
28	59
28	7
28	9
28	5
28	48
28	14
28	3
28	21
28	36
28	45
28	81
28	64
28	98
28	76
28	13
28	48
28	48
28	65
28	95
28	1
28	34
28	53
28	42
28	8
28	74
28	73
28	83
28	100
28	6
28	98
28	58
28	39
28	26
28	9
28	52
28	29
28	36
28	66
28	23
28	93
28	97
28	9
28	55
28	53
28	27
28	94
28	90
28	69
28	58
28	30
28	92
28	91
28	28
28	71
28	54
28	19
28	3
28	28
28	51
28	80
28	79
28	14
28	81
28	37
28	85
28	66
28	28
28	29
28	50
28	80
28	22
28	31
28	99
28	91
28	97
28	50
28	7
28	59
28	68
28	47
28	64
28	6
28	72
28	78
28	2
28	40
28	37
28	84
28	54
28	73
28	26
28	97
28	31
28	57
28	29
28	11
28	49
28	19
28	11
28	57
28	58
28	46
28	98
28	20
28	41
28	19
28	43
28	74
28	85
28	71
28	85
28	6
28	21
28	21
28	24
28	71
28	49
28	22
28	44
28	100
28	75
28	28
28	83
28	57
28	8
28	51
28	1
28	84
28	69
28	24
28	17
28	35
28	78
28	99
28	85
28	43
28	73
28	66
28	76
28	51
28	64
28	63
28	92
28	100
28	66
28	39
28	86
28	18
28	72
28	45
28	19
28	92
28	92
28	35
28	17
28	6
28	9
28	73
28	66
28	100
28	8
28	38
28	35
28	85
28	100
28	13
28	76
28	38
28	14
28	77
28	99
28	18
28	34
28	57
28	34
28	83
28	8
28	81
28	16
28	92
28	84
28	30
28	50
29	16125
29	73
29	88
29	47
29	72
29	86
29	45
29	60
29	63
29	56
29	35
29	94
29	26
29	12
29	58
29	35
29	15
29	30
29	81
29	81
29	12
29	15
29	48
29	8
29	47
29	99
29	87
29	15
29	84
29	7
29	47
29	75
29	55
29	19
29	66
29	24
29	18
29	28
29	80
29	97
29	88
29	68
29	60
29	16
29	59
29	84
29	4
29	75
29	71
29	61
29	70
29	31
29	31
29	83
29	6
29	91
29	54
29	33
29	70
29	55
29	100
29	14
29	83
29	87
29	64
29	2
29	61
29	52
29	14
29	32
29	16
29	70
29	98
29	43
29	10
29	5
29	65
29	87
29	65
29	33
29	94
29	32
29	33
29	75
29	55
29	81
29	29
29	54
29	60
29	39
29	42
29	95
29	21
29	5
29	98
29	77
29	44
29	54
29	74
29	92
29	46
29	67
29	99
29	22
29	74
29	84
29	69
29	81
29	66
29	92
29	31
29	78
29	88
29	76
29	32
29	20
29	10
29	31
29	33
29	3
29	20
29	51
29	55
29	10
29	14
29	15
29	92
29	36
29	14
29	81
29	14
29	40
29	93
29	42
29	37
29	72
29	58
29	73
29	92
29	25
29	29
29	69
29	9
29	44
29	29
29	71
29	79
29	33
29	62
29	81
29	21
29	84
29	14
29	37
29	40
29	39
29	6
29	61
29	45
29	11
29	82
29	4
29	8
29	29
29	73
29	10
29	43
29	6
29	19
29	76
29	84
29	69
29	25
29	28
29	18
29	39
29	45
29	71
29	73
29	5
29	3
29	77
29	74
29	52
29	14
29	97
29	92
29	6
29	32
29	45
29	27
29	42
29	55
29	78
29	25
29	79
29	51
29	23
29	16
29	28
29	77
29	44
29	58
29	63
29	24
29	15
29	85
29	45
29	14
29	36
29	80
29	4
29	53
29	11
29	99
29	24
29	29
29	87
29	66
29	35
29	41
29	57
29	54
29	19
29	86
29	61
29	74
29	56
29	81
29	79
29	35
29	32
29	29
29	77
29	23
29	54
29	83
29	20
29	15
29	25
29	38
29	47
29	10
29	56
29	1
29	87
29	18
29	70
29	71
29	25
29	24
29	15
29	19
29	2
29	29
29	73
29	27
29	70
29	22
29	93
29	18
29	20
29	93
29	31
29	29
29	82
29	63
29	37
29	57
29	42
29	68
29	22
29	22
29	20
29	34
29	13
29	45
29	58
29	25
29	100
29	19
29	26
29	98
29	49
29	69
29	17
29	21
29	79
29	9
29	80
29	80
29	12
29	50
29	26
29	47
29	1
29	80
29	95
29	39
29	31
29	14
29	66
29	5
29	71
29	28
29	97
29	10
29	41
29	87
29	91
29	77
29	75
29	93
29	12
29	7
29	58
29	100
29	19
29	38
29	98
29	27
29	13
29	16
29	3
29	10
29	60
29	12
29	87
29	73
29	95
29	87
29	12
29	68
29	1
29	49
29	93
29	46
29	50
29	38
29	6
29	22
29	2
29	58
29	22
29	24
29	51
29	83
29	70
29	88
29	43
29	39
29	35
29	60
29	70
29	33
29	11
29	10
29	1
29	51
29	22
29	34
29	83
29	34
29	76
29	14
29	23
29	9
29	15
29	35
29	50
29	25
29	76
29	75
29	6
29	68
29	69
29	44
29	80
29	56
29	60
29	33
29	8
29	31
29	30
29	90
29	49
29	67
29	82
29	45
29	36
29	35
29	10
29	29
29	54
29	13
29	64
29	89
29	84
29	16
29	61
29	71
29	50
29	83
29	15
29	40
29	54
29	94
29	87
29	63
29	47
29	46
29	79
29	92
29	77
29	10
29	62
29	56
29	9
29	63
29	10
29	26
29	38
29	82
29	21
29	71
29	29
29	98
29	13
29	24
29	25
29	28
29	70
29	75
29	40
29	39
29	4
29	67
29	78
29	7
29	52
29	71
29	43
29	16
29	33
29	12
29	39
29	90
29	99
29	5
29	24
29	64
29	45
29	83
29	2
29	68
29	47
29	80
29	91
29	29
29	67
29	29
29	54
29	45
29	92
29	56
29	14
29	70
29	47
29	47
29	14
29	28
29	10
29	22
29	50
29	26
29	46
29	33
29	88
29	70
29	45
29	89
29	77
29	73
29	7
29	97
29	70
29	30
29	77
29	57
29	68
29	72
29	19
29	70
29	28
29	94
29	7
29	11
29	1
29	53
29	3
29	45
29	51
29	36
29	69
29	47
29	79
29	56
29	83
29	95
29	31
29	91
29	46
29	44
29	44
29	38
29	55
29	98
29	5
29	20
29	28
29	98
29	31
29	53
29	8
29	78
29	1
29	22
29	19
29	59
29	18
29	50
29	6
29	34
29	48
29	38
29	82
29	52
29	29
29	28
29	47
29	13
29	80
29	36
29	88
29	27
29	22
29	7
29	65
29	93
29	68
29	66
29	90
29	31
29	29
29	37
29	50
29	43
29	75
29	59
29	76
29	29
29	83
29	89
29	12
29	76
29	70
29	74
29	73
29	39
29	27
29	91
29	42
29	57
29	83
29	17
29	49
29	26
29	47
29	99
29	61
29	66
29	34
29	81
29	39
29	92
29	45
29	83
29	25
29	47
29	18
29	92
29	67
29	73
29	48
29	95
29	30
29	6
29	3
29	100
29	44
29	11
29	97
29	10
29	10
29	99
29	33
29	95
29	51
29	35
29	48
29	54
29	58
29	4
29	8
29	77
29	58
29	16
29	93
29	30
29	93
29	85
29	87
29	3
29	42
29	45
29	98
29	14
29	84
29	55
29	91
29	89
30	16357
30	23
30	27
30	66
30	18
30	3
30	63
30	100
30	2
30	95
30	57
30	89
30	95
30	29
30	23
30	83
30	27
30	76
30	70
30	18
30	10
30	28
30	7
30	93
30	61
30	85
30	58
30	85
30	36
30	24
30	1
30	11
30	47
30	90
30	85
30	59
30	57
30	96
30	4
30	23
30	23
30	68
30	47
30	25
30	56
30	42
30	100
30	61
30	93
30	78
30	36
30	17
30	83
30	69
30	49
30	30
30	90
30	3
30	68
30	61
30	35
30	99
30	2
30	10
30	75
30	16
30	19
30	83
30	59
30	99
30	95
30	54
30	39
30	97
30	68
30	30
30	19
30	65
30	5
31	16462
31	9589
31	3552
31	1991
31	3098
31	3082
32	16540
32	2292
32	3061
32	7316
33	16703
33	8
33	74
33	35
33	31
33	85
33	85
33	14
33	19
33	22
33	15
33	75
33	57
33	84
33	18
33	82
33	98
33	20
33	67
33	76
33	82
33	21
33	19
33	15
33	70
33	26
33	9
33	11
33	47
33	55
33	97
33	55
33	74
33	80
33	87
33	72
33	92
33	25
33	58
33	100
33	52
33	94
33	12
33	61
33	87
33	80
33	60
33	37
33	51
33	33
33	100
33	74
33	10
33	89
33	48
33	60
33	16
33	4
33	8
34	17394
34	6989
34	2330
34	9761
34	3006
34	2012
34	6288
34	744
34	7867
34	5427
34	5409
35	18018
35	8777
35	4149
35	936
35	6412
35	8712
35	3488
36	18743
36	15
36	66
36	21
36	43
36	37
36	15
36	76
36	88
36	49
36	30
36	99
36	61
36	37
36	75
36	29
36	44
36	51
36	57
36	56
36	1
36	95
36	84
36	15
36	76
36	82
36	53
36	45
36	77
36	72
36	18
36	71
36	28
36	50
36	28
36	19
36	63
36	66
36	41
36	34
36	91
36	77
36	30
36	71
36	96
36	66
36	99
36	18
36	50
36	56
36	71
36	22
36	35
36	33
36	13
36	13
36	89
36	13
36	59
36	85
36	99
36	69
36	16
36	49
36	44
36	40
36	81
36	57
36	60
36	97
36	56
36	63
36	54
36	25
36	88
36	23
36	27
36	56
36	34
36	54
36	57
36	70
36	64
36	29
36	36
36	99
36	13
36	15
36	92
36	80
36	90
36	14
36	87
36	5
36	22
36	12
36	100
36	25
36	30
36	52
36	18
36	23
36	61
36	48
36	100
36	56
36	16
36	40
36	64
36	25
36	63
36	93
36	26
36	54
36	17
36	33
36	65
36	91
36	65
36	50
36	4
36	77
36	58
36	93
36	13
36	19
36	76
36	18
36	53
36	93
36	46
36	58
36	87
36	38
36	100
36	100
36	26
36	13
36	51
36	83
36	3
36	25
36	98
36	61
36	75
36	10
36	99
36	38
36	28
36	15
36	92
36	35
36	11
36	33
36	17
36	50
36	55
36	51
36	5
36	87
36	37
36	46
36	98
36	14
36	85
36	61
36	78
36	39
36	18
36	84
36	32
36	93
36	90
36	7
36	96
36	45
36	66
36	54
36	91
36	90
36	31
36	57
36	13
36	64
36	84
36	22
36	43
36	10
36	73
36	95
36	55
36	85
36	97
36	61
36	97
36	60
36	23
36	23
36	52
36	66
36	86
36	20
36	3
36	18
36	26
36	16
36	46
36	39
36	15
36	14
36	57
36	64
36	85
36	54
36	87
36	26
36	62
36	45
36	68
36	89
36	48
36	1
36	45
36	1
36	6
36	74
36	96
36	59
36	7
36	78
36	37
36	81
36	93
36	49
36	89
36	28
36	55
36	68
36	85
36	3
36	11
36	76
36	90
36	1
36	13
36	1
36	93
36	88
36	27
36	42
36	5
36	80
36	35
36	83
36	69
36	48
36	91
36	62
36	98
36	93
36	64
36	71
36	81
36	98
36	7
36	35
36	89
36	40
36	90
36	52
36	96
36	77
36	74
36	56
36	98
36	17
36	14
36	54
36	3
36	3
36	47
36	66
36	29
36	96
36	83
36	87
36	92
36	52
36	33
36	54
36	33
36	68
36	42
36	36
36	47
36	3
36	40
36	46
36	44
36	38
36	37
36	20
36	34
36	5
36	7
36	19
36	73
36	65
36	12
36	73
36	98
36	83
36	23
36	96
36	48
36	14
36	55
36	57
36	18
36	73
36	86
36	32
36	30
36	86
36	41
36	54
36	72
36	13
36	13
36	61
36	32
36	8
36	37
36	98
36	24
36	16
36	93
36	21
36	94
36	80
36	74
36	61
36	73
36	2
36	91
36	10
36	22
36	72
36	28
36	61
36	44
36	6
36	63
36	70
36	66
36	27
36	11
36	29
36	34
36	76
36	8
36	78
36	26
36	50
36	20
36	86
36	1
36	11
36	83
36	2
36	20
36	66
36	12
36	44
36	87
36	59
36	30
36	89
36	83
36	62
36	95
36	19
36	77
36	24
36	44
36	53
36	10
36	4
36	86
36	35
36	90
36	69
36	51
36	78
36	81
36	29
36	76
36	82
36	11
36	15
36	34
36	3
36	6
36	73
36	46
36	42
36	93
36	71
36	33
36	97
36	100
36	84
36	28
36	91
36	52
36	96
36	51
37	19097
37	79
37	75
37	25
37	39
37	72
37	76
37	95
37	84
37	25
37	85
37	58
37	30
37	37
37	28
37	21
37	9
37	62
37	84
37	26
37	27
37	73
37	74
37	40
37	99
37	66
37	62
37	4
37	37
37	43
37	93
37	30
37	3
37	21
37	14
37	74
37	43
37	1
37	31
37	81
37	83
37	24
37	38
37	16
37	50
37	89
37	35
37	81
37	46
37	25
37	16
37	65
37	75
37	37
37	20
37	78
37	25
37	50
37	90
37	46
37	52
37	77
37	95
37	99
37	48
37	55
37	26
37	52
37	31
37	47
37	51
37	27
37	40
37	60
37	36
37	77
37	83
37	61
37	74
37	84
37	66
37	86
37	52
37	49
37	68
37	61
37	84
37	5
37	51
37	87
37	56
37	93
37	99
37	97
37	81
37	29
37	20
37	74
37	10
37	58
37	30
37	2
37	43
37	66
37	71
37	79
37	78
37	73
37	31
37	11
37	43
37	72
37	90
37	46
37	16
37	76
37	37
37	23
37	41
37	83
37	89
37	61
37	66
37	94
37	50
37	79
37	59
37	48
37	82
37	20
37	19
37	86
37	65
37	34
37	68
37	23
37	14
37	7
37	90
37	34
37	79
37	86
37	5
37	74
37	57
37	15
37	26
37	45
37	33
37	40
37	87
37	91
37	35
37	72
37	64
37	26
37	70
37	10
37	1
37	83
37	76
37	19
37	64
37	13
37	82
37	7
37	44
37	84
37	92
37	6
37	83
37	12
37	45
37	74
37	16
37	93
37	81
37	27
37	74
37	95
37	93
37	29
37	5
37	31
37	81
37	26
37	95
37	73
37	92
37	22
37	65
37	78
38	19385
38	9145
38	1525
38	8201
38	4285
39	19744
39	88
39	49
39	30
39	47
39	14
39	70
39	56
39	49
39	45
39	73
39	69
39	64
39	65
39	19
39	27
39	44
39	77
39	76
39	16
39	55
39	13
39	21
39	15
39	38
39	68
39	18
39	53
39	59
39	42
39	36
39	40
39	63
39	23
39	7
39	34
39	49
39	16
39	88
39	44
39	43
39	31
39	3
39	85
39	98
39	83
39	30
39	47
39	32
39	24
39	76
39	99
39	83
39	57
39	34
39	33
39	46
39	83
39	10
39	39
39	83
39	69
39	36
39	16
39	72
39	41
39	42
39	77
39	81
39	86
39	56
39	10
39	35
39	85
39	95
39	61
39	91
39	21
39	38
39	56
39	66
39	78
39	16
39	74
39	66
39	98
39	70
39	59
39	16
39	18
39	52
39	84
39	1
39	2
39	52
39	31
39	37
39	4
39	46
39	80
39	21
39	1
39	31
39	41
39	20
39	72
39	38
39	63
39	88
39	43
39	3
39	30
39	37
39	94
39	41
39	48
39	65
39	97
39	66
39	94
39	27
39	41
39	61
39	12
39	85
39	62
39	88
39	61
39	84
39	40
39	21
39	51
39	49
39	89
39	27
39	3
39	82
39	54
39	43
39	11
39	11
39	10
39	60
39	24
39	10
39	31
39	59
39	44
39	75
39	32
39	19
39	95
39	52
39	93
39	11
39	6
39	99
39	60
39	87
39	52
39	16
39	32
39	32
39	32
39	10
39	76
39	50
39	92
39	55
39	83
39	72
39	27
39	3
39	38
39	44
39	50
39	47
39	95
39	100
39	15
39	37
39	95
39	3
39	12
39	70
39	70
39	80
39	1
39	37
39	38
39	61
39	63
39	30
39	83
39	88
39	54
39	73
39	87
39	29
39	24
39	90
39	15
39	7
39	32
39	86
39	89
39	28
39	47
39	40
39	93
39	28
39	99
39	54
39	76
39	14
39	84
39	99
39	58
39	58
40	20427
40	34
40	35
40	82
40	13
40	1
40	49
40	36
40	73
40	74
40	9
40	67
40	40
40	13
40	85
40	60
40	27
40	92
40	12
40	12
40	37
40	63
40	54
40	94
40	72
40	62
40	64
40	4
40	94
40	73
40	53
40	54
40	11
40	63
40	42
40	31
40	35
40	74
40	69
40	16
40	80
40	19
40	75
40	13
40	34
40	42
40	74
40	29
40	5
40	2
40	25
40	23
40	53
40	45
40	25
40	95
40	2
40	77
40	93
40	32
40	93
40	85
40	96
40	11
40	21
40	78
40	58
40	27
40	67
40	70
40	69
40	98
40	51
40	7
40	67
40	64
40	17
40	26
40	41
40	68
40	18
40	32
40	34
40	50
40	51
40	17
40	98
40	51
40	39
40	77
40	99
40	21
40	89
40	93
40	14
40	7
40	17
40	96
40	13
40	85
40	11
40	1
40	90
40	66
40	69
40	49
40	99
40	37
40	49
40	12
40	71
40	1
40	91
40	77
40	35
40	69
40	92
40	45
40	85
40	11
40	39
40	42
40	56
40	35
40	48
40	11
40	65
40	97
40	6
40	60
40	68
40	97
40	77
40	9
40	6
40	83
40	25
40	27
40	89
40	40
40	20
40	88
40	2
40	42
40	32
40	24
40	7
40	2
40	18
40	56
40	89
40	50
40	6
40	51
40	57
40	76
40	96
40	54
40	68
40	42
40	61
40	43
40	69
40	30
40	78
40	64
40	78
40	63
40	43
40	79
40	31
40	94
40	75
40	49
40	12
40	31
40	6
40	16
40	50
40	88
40	76
40	18
40	9
40	59
40	38
40	27
40	57
40	17
40	18
40	99
40	9
40	18
40	54
40	78
40	32
40	63
40	55
40	42
40	67
40	94
40	15
40	12
40	65
40	97
40	48
40	58
40	16
40	38
40	99
40	55
40	72
40	100
40	15
40	33
40	22
40	1
40	16
40	40
40	18
40	16
40	67
40	55
40	5
40	20
40	94
40	68
40	95
40	15
40	90
40	40
40	50
40	42
40	99
40	14
40	77
40	93
40	19
40	42
40	45
40	65
40	83
40	20
40	81
40	84
40	65
40	76
40	4
40	94
40	74
40	26
40	38
40	52
40	51
40	2
40	50
40	80
40	4
40	3
40	11
40	7
40	38
40	60
40	1
40	13
40	27
40	84
40	92
40	90
40	78
40	82
40	33
40	11
40	75
40	13
40	27
40	66
40	93
40	41
40	27
40	49
40	7
40	56
40	73
40	35
40	28
40	43
40	16
40	85
40	8
40	60
40	5
40	14
40	46
40	26
40	78
40	100
40	77
40	61
40	14
40	79
40	28
40	47
40	92
40	40
40	10
40	16
40	47
40	60
40	51
40	41
40	97
40	44
40	65
40	26
40	38
40	45
40	74
40	29
40	49
40	11
40	59
40	25
40	62
40	49
40	4
40	77
40	66
40	78
40	51
40	83
40	38
40	1
40	75
40	14
40	89
40	4
40	85
40	88
40	60
40	44
40	79
40	11
40	68
40	55
40	86
40	96
40	19
40	45
40	69
40	89
40	6
40	53
40	67
40	82
40	1
40	50
40	68
40	94
40	29
40	94
40	24
40	22
40	22
40	18
40	67
40	30
40	6
40	79
40	38
40	67
40	68
40	57
40	23
40	63
40	97
40	10
40	14
40	47
40	46
40	18
40	47
40	40
40	90
40	70
40	76
40	26
40	59
40	84
40	21
40	98
40	25
40	94
40	91
40	69
40	32
40	31
40	24
40	69
40	17
40	52
40	89
40	5
40	3
40	41
40	97
40	45
40	71
40	15
40	49
40	96
40	84
40	84
40	65
40	98
40	35
40	31
40	46
40	56
40	66
40	56
40	11
40	80
40	19
40	57
40	89
40	95
40	36
40	3
40	9
40	24
40	37
40	18
40	11
40	17
40	84
40	17
40	55
40	59
40	82
40	94
40	87
40	14
40	88
40	31
40	41
40	67
40	80
40	73
40	72
40	74
40	43
40	49
40	15
40	14
40	66
40	61
40	16
40	45
40	81
40	25
40	94
40	96
40	85
40	26
40	76
40	67
40	14
40	5
40	22
40	70
40	72
40	99
40	3
40	15
40	71
40	41
40	10
40	38
40	90
40	57
40	14
40	73
40	73
40	50
40	92
40	89
40	93
40	49
40	30
40	21
40	20
40	90
40	65
40	19
40	32
40	48
40	19
40	53
40	96
40	70
40	18
40	82
40	18
40	45
40	3
40	44
40	37
40	17
40	43
40	54
40	81
40	46
40	65
40	40
40	3
40	21
40	59
40	29
40	46
40	36
40	37
40	1
40	11
40	15
40	22
40	79
40	53
40	86
40	82
40	39
40	81
40	25
40	54
40	9
40	97
40	8
40	33
40	34
40	29
40	9
40	90
40	97
40	74
40	68
40	27
40	26
40	22
40	48
40	49
40	33
40	39
40	17
40	60
40	37
40	75
40	58
40	24
40	75
40	63
40	96
40	78
40	90
40	38
40	44
40	17
40	6
40	90
40	42
40	56
40	66
40	44
40	48
40	85
40	29
40	65
40	8
40	31
40	50
40	66
40	35
40	100
40	1
40	65
40	11
40	8
40	93
40	28
40	94
40	20
40	64
40	62
40	68
40	31
40	44
40	56
40	51
40	21
40	94
40	61
40	70
40	81
40	92
40	53
40	64
40	71
40	64
40	21
40	88
40	55
40	65
40	1
40	85
40	23
40	87
40	14
41	21423
41	63
41	87
41	30
41	59
41	66
41	12
41	37
41	92
41	68
41	3
41	56
41	48
41	73
41	89
41	63
41	65
41	100
41	27
41	95
41	95
41	90
41	71
41	96
41	52
41	29
41	20
41	100
41	22
41	54
41	21
41	55
41	39
41	14
41	11
41	13
41	5
41	41
41	97
41	4
41	95
41	8
41	51
41	99
41	86
41	93
41	48
41	54
41	34
41	1
41	64
41	14
41	39
41	41
41	50
41	31
41	83
41	77
41	80
41	62
41	78
41	8
41	41
41	12
41	25
41	63
41	74
41	78
41	7
41	23
41	1
41	9
41	8
41	87
41	8
41	24
41	5
41	18
41	43
41	31
41	44
41	20
41	100
41	78
41	53
41	9
41	71
41	41
41	9
41	7
41	75
41	1
41	4
41	2
41	80
41	29
41	41
41	38
41	92
41	96
41	42
41	47
41	18
41	34
41	42
41	6
41	78
41	70
41	32
41	93
41	82
41	61
41	96
41	46
41	78
41	18
41	58
41	84
41	33
41	21
41	19
41	6
41	10
41	55
41	91
41	18
41	34
41	26
41	66
41	45
41	61
41	37
41	15
41	55
41	67
41	23
41	33
41	83
41	4
41	11
41	19
41	62
41	66
41	58
41	22
41	49
41	99
41	18
41	40
41	95
41	22
41	44
41	22
41	5
41	58
41	27
41	13
41	98
41	32
41	78
41	38
41	98
41	85
41	22
41	2
41	21
41	61
41	16
41	50
41	24
41	72
41	90
41	45
41	100
41	48
41	68
41	10
41	40
41	42
41	86
41	54
41	37
41	29
41	28
41	99
41	69
41	18
41	87
41	4
41	65
41	95
41	70
41	31
41	76
41	96
41	96
41	44
41	47
41	85
41	5
41	4
41	99
41	33
41	43
41	72
41	76
41	99
41	48
41	49
41	100
41	5
41	9
41	5
41	99
41	94
41	40
41	79
41	20
41	6
41	98
41	6
41	99
41	37
41	55
41	74
41	86
41	34
41	10
41	20
41	79
41	23
41	61
41	4
41	72
41	85
41	94
41	2
41	2
41	52
41	79
41	28
41	20
41	29
41	14
41	37
41	34
41	37
41	13
41	87
41	35
41	43
41	25
41	49
41	19
41	56
41	85
41	43
41	48
41	18
41	37
41	67
41	96
41	100
41	88
41	9
41	27
41	70
41	45
41	95
41	18
41	63
41	62
41	46
41	10
41	37
41	5
41	96
41	26
41	18
41	3
41	16
41	68
41	75
41	75
41	8
41	29
41	78
41	41
41	1
41	81
41	73
41	81
41	92
41	17
41	77
41	52
41	30
41	53
41	31
41	23
41	78
41	54
41	38
41	53
41	83
41	21
41	58
41	11
41	99
41	3
41	78
41	46
41	70
41	52
41	79
41	17
41	94
41	62
41	84
41	31
41	14
41	27
41	61
41	33
41	24
41	82
41	51
41	32
41	26
41	25
41	85
41	33
41	18
41	29
41	86
41	85
41	78
41	27
41	70
41	3
41	82
41	43
41	14
41	65
41	24
41	29
41	13
41	31
41	10
41	96
41	91
41	98
41	2
41	59
41	50
41	15
41	53
41	50
41	13
41	45
41	51
41	42
41	57
41	68
41	94
41	35
41	32
41	26
41	67
41	28
41	20
41	35
41	49
41	31
41	35
41	77
41	66
41	52
41	49
41	33
41	55
41	65
41	23
41	93
41	81
41	35
41	95
41	70
41	15
41	70
41	15
41	92
41	92
41	63
41	28
41	20
41	25
41	46
41	55
41	23
41	38
41	15
41	72
41	43
41	99
41	6
41	47
41	46
41	57
41	23
41	47
41	43
41	87
41	39
41	25
41	49
41	36
41	37
41	67
41	41
41	69
41	73
41	90
41	84
41	62
41	94
41	45
41	51
41	99
41	23
41	98
41	79
41	34
41	46
41	27
41	65
41	65
41	56
41	24
41	37
41	59
41	95
41	15
41	14
41	30
41	2
41	72
41	28
41	72
41	51
41	77
41	95
41	9
41	31
41	83
41	87
41	85
41	87
41	44
41	62
41	54
41	38
41	88
41	25
41	74
41	92
41	71
41	36
41	15
41	13
41	4
41	18
41	90
41	13
41	7
41	12
41	48
41	97
41	22
41	74
41	15
41	38
41	58
41	40
41	71
41	44
41	31
41	42
41	32
41	74
41	37
41	25
41	71
41	94
41	34
41	17
41	31
41	96
41	94
41	88
41	78
41	84
41	78
41	61
41	52
41	25
41	9
41	58
41	56
41	75
41	68
41	25
41	83
41	40
41	41
41	85
41	82
41	89
41	58
41	11
41	46
41	19
41	8
41	15
41	8
41	70
41	38
41	28
41	22
41	89
41	43
41	24
41	26
41	88
41	98
41	92
41	79
41	25
41	65
41	10
41	5
41	4
41	24
41	43
41	2
41	81
41	83
41	88
41	98
41	98
41	23
41	92
41	30
41	13
41	81
41	97
41	48
41	52
41	79
41	75
41	53
41	36
41	39
41	15
41	78
41	32
41	73
41	39
41	56
41	65
41	86
41	25
41	96
41	80
41	16
41	96
41	99
41	4
41	1
41	51
41	83
41	97
41	74
41	63
41	12
41	70
41	87
41	24
41	95
41	96
41	17
41	27
41	80
41	30
41	29
41	51
41	72
41	82
41	97
41	30
41	63
41	2
41	4
41	44
41	74
41	9
41	8
41	64
41	34
41	97
41	47
41	8
41	78
41	79
41	60
41	96
41	77
41	87
41	9
41	81
41	77
41	77
41	59
41	56
41	23
41	11
41	10
41	24
41	45
41	91
41	60
41	88
41	92
41	20
41	6
41	69
41	49
41	82
41	28
41	92
41	21
41	60
41	91
41	52
41	15
41	32
41	49
41	98
41	82
41	86
41	26
41	40
41	97
41	67
41	51
42	22124
42	7440
42	6847
42	8586
42	278
42	8149
43	22889
43	1239
43	5439
43	9428
43	2064
43	3712
43	6433
43	7000
43	6494
44	23383
44	267
44	82
44	2472
45	23622
45	70
45	96
45	2
45	40
45	87
45	97
45	21
45	40
45	26
45	5
45	24
45	40
45	48
45	27
45	23
45	40
45	96
45	81
45	26
45	93
45	39
45	33
45	46
45	19
45	50
45	57
45	21
45	53
45	15
45	8
45	13
45	62
45	52
45	59
45	74
45	49
45	85
45	93
45	4
45	93
45	70
45	60
45	70
45	19
45	28
45	18
45	66
45	2
45	33
45	77
45	81
45	52
45	88
45	66
45	86
45	53
45	48
45	54
45	45
45	54
45	3
45	53
45	48
45	73
45	43
45	35
45	16
45	26
45	2
45	91
45	17
45	20
45	55
45	11
45	77
45	48
45	14
45	34
45	90
45	100
45	45
45	89
45	71
45	75
45	6
45	88
45	44
45	50
45	78
45	91
45	87
45	10
45	53
45	6
45	98
45	58
45	55
45	3
45	10
45	10
45	15
45	96
45	72
45	56
45	34
45	35
45	94
45	68
45	11
45	78
45	10
45	48
45	67
45	74
45	53
45	68
45	25
45	71
45	65
45	79
45	59
45	60
45	46
45	86
45	70
45	100
45	4
45	3
45	82
45	45
45	88
45	68
45	53
45	40
45	26
45	8
45	85
45	53
45	26
45	76
45	76
45	70
45	12
45	92
45	93
45	83
45	43
45	27
45	92
45	14
45	37
45	19
45	38
45	74
45	23
45	15
45	29
45	100
45	99
45	68
45	35
45	72
45	59
45	46
45	100
45	15
45	98
45	11
45	14
45	29
45	79
45	10
45	100
45	75
45	6
45	60
45	7
45	79
45	48
45	14
45	62
45	54
45	30
45	34
45	17
45	63
45	50
45	61
45	81
45	12
45	70
45	27
45	29
45	53
45	21
45	100
45	36
45	74
45	98
45	50
45	70
45	83
45	40
45	9
45	100
45	88
45	66
45	4
45	90
45	93
45	22
45	41
45	44
45	57
45	83
45	62
45	24
45	18
45	92
45	89
45	86
45	79
45	33
45	21
45	83
45	95
45	10
45	33
45	63
45	30
45	23
45	16
45	33
45	71
45	58
45	4
45	51
45	57
45	91
45	76
45	64
45	46
45	66
45	87
45	64
45	50
45	72
45	48
45	73
45	20
45	68
45	97
45	16
45	23
45	48
45	77
45	61
45	36
45	25
45	10
45	61
45	27
45	71
45	34
45	12
45	77
45	73
45	96
45	22
45	67
45	49
45	1
45	12
45	9
45	47
45	16
45	91
45	34
45	23
45	76
45	70
45	9
45	45
45	46
45	81
45	93
45	44
45	34
45	33
45	75
45	94
45	88
45	40
45	9
45	11
45	12
45	18
45	76
45	38
45	61
45	61
45	51
45	42
45	76
45	27
45	38
45	68
45	35
45	69
45	33
45	11
45	54
45	10
45	51
45	56
45	55
45	31
45	52
45	96
45	39
45	84
45	27
45	20
45	19
45	23
45	61
45	75
46	24343
46	85
46	39
46	75
46	72
46	48
46	66
46	46
46	37
46	50
46	50
46	15
46	27
46	3
46	99
46	20
46	39
46	76
46	94
46	83
46	64
46	97
46	49
46	26
46	8
46	53
46	69
46	18
46	50
46	12
46	5
46	50
46	39
46	89
46	52
46	61
46	29
46	96
46	31
46	8
46	100
46	71
46	63
46	22
46	19
46	84
46	75
46	84
46	89
46	35
46	45
46	19
46	31
46	88
46	2
46	68
46	44
46	62
46	3
46	20
46	28
46	52
46	98
46	76
46	78
46	79
46	9
46	37
46	35
46	16
46	48
46	95
46	83
46	12
46	64
46	35
46	89
46	31
46	25
46	28
46	73
46	89
46	56
46	8
46	24
46	92
46	95
46	95
46	21
46	22
46	99
46	10
46	49
46	43
46	87
46	44
46	48
46	41
46	36
46	19
46	12
46	7
46	65
46	8
46	53
46	65
46	67
46	22
46	83
46	65
46	56
46	79
46	52
46	19
46	64
46	6
46	60
46	92
46	31
46	91
47	24766
47	7965
47	4140
47	9634
48	25689
48	6998
49	26587
49	95
49	46
49	12
49	65
49	46
49	43
49	25
49	82
49	53
49	30
49	80
49	35
49	99
49	17
49	72
49	82
49	16
49	74
49	81
49	41
49	47
49	23
49	51
49	93
49	99
49	71
49	55
49	37
49	17
49	11
49	83
49	81
49	11
49	52
49	19
49	19
49	64
49	90
49	3
49	12
49	97
49	99
49	91
49	46
49	81
49	56
49	68
49	79
49	75
49	68
49	16
49	92
49	29
49	97
49	23
49	90
49	37
49	45
49	14
49	12
49	79
49	43
49	87
49	83
49	46
49	14
49	51
49	45
49	5
49	6
49	53
49	36
49	57
49	40
49	38
49	19
49	57
49	1
49	72
49	11
49	2
49	73
49	70
49	82
49	22
49	76
49	16
49	75
49	88
49	61
49	100
49	44
49	88
49	99
49	39
49	30
49	35
49	35
49	33
49	67
49	69
49	2
49	32
49	79
49	69
49	44
49	45
49	90
49	35
49	97
49	74
49	74
49	38
49	55
49	91
49	80
49	34
49	81
49	42
49	59
49	24
49	20
49	76
49	10
49	45
49	100
49	44
49	70
49	16
49	92
49	57
49	91
49	15
49	4
49	44
49	39
49	99
49	5
49	18
49	29
49	93
49	63
49	91
49	65
49	29
49	100
49	56
49	64
49	54
49	90
49	68
49	40
49	85
49	37
49	21
49	16
49	49
49	46
49	99
49	30
49	17
49	64
49	94
49	82
49	69
49	12
49	39
49	38
49	94
49	57
49	20
49	63
49	47
49	3
49	54
49	99
49	67
49	83
49	78
49	44
49	75
49	87
49	12
49	91
49	57
49	68
49	40
49	86
49	72
49	76
49	21
49	62
49	21
49	60
49	66
49	57
49	32
49	37
49	71
49	45
49	58
49	15
49	82
49	40
49	94
49	16
49	26
49	14
49	38
49	50
49	28
49	50
49	53
49	18
49	28
49	48
49	23
49	74
49	53
49	18
49	28
49	50
49	11
49	30
49	56
49	70
49	64
49	67
49	56
49	96
49	69
49	49
49	34
49	59
49	17
49	83
49	73
49	70
49	88
49	32
49	18
49	69
49	98
49	17
49	56
49	21
49	25
49	63
49	27
49	49
49	85
49	46
49	91
49	18
49	27
49	52
49	62
49	20
49	38
49	98
49	22
49	96
49	70
49	8
49	11
49	29
49	65
49	87
49	100
49	78
49	48
49	11
49	75
49	86
49	84
49	18
49	40
49	81
49	73
49	68
49	98
49	81
49	38
49	84
49	9
49	19
49	97
49	75
49	87
49	53
49	19
49	62
49	75
49	57
49	59
49	30
49	34
49	63
49	41
49	5
49	19
49	31
49	29
49	49
49	21
49	51
49	11
49	13
49	5
49	42
49	46
49	92
49	93
49	85
49	69
49	69
49	57
49	63
49	36
49	21
49	58
49	2
49	18
49	3
49	73
49	39
49	77
49	48
49	40
49	37
49	18
49	77
49	28
49	43
49	77
49	81
49	62
49	54
49	71
49	43
49	93
49	50
49	52
49	96
49	3
49	63
49	45
49	82
49	95
49	45
49	12
49	51
49	80
49	3
49	65
49	92
49	89
49	4
49	36
49	24
49	93
49	56
49	9
49	46
49	24
49	41
49	44
49	26
49	11
49	18
49	13
49	28
49	64
49	57
49	97
49	64
49	73
49	38
49	13
49	84
49	63
49	36
49	9
49	2
49	12
49	93
49	13
49	49
49	25
49	80
49	95
49	35
49	56
49	43
49	83
49	24
49	19
49	79
49	92
49	32
49	88
49	19
49	42
49	21
49	6
49	45
49	36
49	100
49	88
49	14
49	30
49	10
49	79
49	12
49	36
49	54
49	68
49	44
49	87
49	38
49	79
49	61
49	50
49	3
49	49
49	85
49	86
49	36
49	74
49	89
49	78
49	66
49	85
49	53
49	65
49	66
49	27
49	28
49	65
49	91
49	70
49	12
49	24
49	87
49	79
49	62
49	43
49	57
49	98
49	93
49	100
49	94
49	28
49	11
49	83
49	99
49	53
49	71
49	91
49	17
49	11
49	54
49	56
49	2
49	27
49	28
49	51
49	5
49	81
49	59
49	88
49	78
49	44
49	31
49	11
49	13
49	54
49	25
49	77
49	90
49	93
49	99
49	13
49	33
49	60
49	1
49	24
49	90
49	97
49	86
49	48
49	93
49	36
49	30
49	54
49	53
49	82
49	12
49	40
49	94
49	81
49	16
49	36
49	86
49	16
49	83
49	33
49	59
49	27
49	13
49	45
49	88
49	70
49	97
49	59
49	81
49	23
49	49
49	71
49	67
49	87
49	2
49	81
49	4
49	39
49	79
49	76
49	12
49	83
49	96
49	62
49	71
49	38
49	8
49	58
49	62
49	14
49	56
49	71
49	27
49	39
49	62
49	16
49	91
49	81
49	84
49	12
49	89
49	27
49	99
49	28
49	6
49	28
49	24
49	63
49	21
49	17
49	52
49	82
49	24
49	89
49	21
49	2
49	22
49	89
49	41
49	55
49	75
49	46
49	48
49	60
49	33
49	65
49	68
49	31
49	69
49	2
49	98
49	28
49	74
49	54
49	98
49	98
49	22
49	77
49	31
49	51
49	3
49	57
49	85
49	81
49	66
49	59
49	17
49	86
49	10
49	57
49	13
49	2
49	27
49	22
49	35
49	90
49	49
49	36
49	52
49	60
49	64
49	45
49	28
49	14
49	37
49	28
49	16
49	87
49	45
49	96
49	70
49	100
49	40
49	53
49	52
49	8
49	73
49	72
49	2
49	4
49	1
49	89
49	71
49	4
49	20
49	90
49	4
49	7
49	70
49	7
49	8
49	51
49	6
49	51
49	19
49	85
49	15
49	94
49	54
49	76
49	94
49	35
49	52
49	29
49	45
49	85
49	18
49	24
49	57
49	49
49	2
50	27076
50	93
50	33
50	37
50	37
50	17
50	96
50	32
50	9
50	82
50	37
50	56
50	6
50	13
50	48
50	4
50	53
50	8
50	100
50	73
50	9
50	92
50	70
50	30
50	20
50	55
50	81
50	79
50	32
50	21
50	12
50	58
50	21
50	34
50	15
50	77
50	2
50	50
50	73
50	66
50	66
50	33
50	35
50	14
50	39
50	71
50	58
50	16
50	7
50	15
50	84
50	65
50	17
50	63
50	70
50	31
50	85
50	63
50	21
50	11
50	57
50	39
50	75
50	67
50	100
50	96
50	88
50	9
50	56
50	58
50	46
50	100
50	86
50	25
50	1
50	56
50	43
50	46
50	19
50	9
50	61
50	55
50	1
50	49
50	41
50	80
50	78
50	11
50	64
50	44
50	42
50	56
50	87
50	61
50	62
50	44
50	75
50	61
50	4
50	75
50	98
50	14
50	96
50	87
50	18
50	2
50	71
50	34
50	72
50	29
50	52
50	57
50	32
50	33
50	79
50	10
50	100
50	6
50	78
50	22
50	57
50	90
50	95
50	51
50	40
50	84
50	100
50	7
50	78
50	49
50	22
50	11
50	11
50	72
50	25
50	95
50	90
50	94
50	70
50	11
50	71
50	48
50	98
50	83
50	20
50	21
50	29
50	77
50	75
50	90
50	13
50	41
50	68
50	20
50	45
50	30
50	76
50	26
50	27
50	14
50	72
50	43
50	24
50	23
50	35
50	9
50	19
50	17
50	99
50	2
50	1
50	57
50	73
50	40
50	7
50	32
50	84
50	79
50	33
50	54
50	88
50	20
50	55
50	55
50	61
50	30
50	66
50	80
50	78
50	68
50	11
50	21
50	75
50	32
50	33
50	74
50	5
50	88
50	80
50	44
50	95
50	20
50	91
50	73
50	37
50	74
50	42
50	17
50	78
50	34
50	34
50	78
50	66
50	16
50	59
50	39
50	34
50	92
50	100
50	41
50	93
50	59
50	23
50	31
50	65
50	26
50	54
50	35
50	2
50	4
50	79
50	51
50	14
50	34
50	43
50	86
50	46
50	53
50	82
50	99
50	93
50	39
50	4
50	63
50	38
50	28
50	71
50	71
50	68
50	69
50	49
50	5
50	66
50	35
50	12
50	9
50	22
50	83
50	8
50	36
50	70
50	43
50	70
50	56
50	2
50	56
50	21
50	68
50	48
50	57
50	38
50	37
50	61
50	93
50	3
50	86
50	35
50	86
50	23
50	40
50	95
50	81
50	36
50	68
50	37
50	97
50	35
50	92
50	58
50	18
50	3
50	89
50	46
50	32
50	28
50	90
50	87
50	36
50	48
50	22
50	61
50	76
50	60
50	72
50	60
50	35
50	20
50	48
50	13
50	44
50	65
50	91
50	34
50	76
50	89
50	69
50	31
50	7
50	3
50	56
50	67
50	17
50	88
50	9
50	54
50	98
50	47
50	35
50	47
50	8
50	42
50	96
50	16
50	75
50	72
50	94
50	87
50	2
50	11
50	76
50	81
50	83
50	2
50	67
50	51
50	61
50	1
50	84
50	1
50	43
50	63
50	85
50	69
50	32
50	46
50	6
50	16
50	16
50	68
50	79
50	22
50	20
50	63
50	66
50	69
50	54
50	81
50	26
50	35
50	67
50	99
50	8
50	58
50	7
50	62
50	90
50	91
50	43
50	14
50	16
50	80
50	68
50	4
50	95
50	85
50	85
50	70
50	74
50	25
50	74
50	58
50	32
51	27336
51	4257
51	3938
51	4111
51	2435
51	9449
51	1900
51	2656
51	9747
51	1022
51	2309
52	28256
52	2706
52	1492
52	7322
53	28551
53	142
53	6138
53	9400
53	4831
53	8099
53	5333
53	3346
54	28735
54	99
54	41
54	39
54	53
54	37
54	77
54	95
54	31
54	31
54	85
54	82
54	87
54	7
54	40
54	26
54	20
54	81
54	65
54	14
54	85
54	63
54	74
54	84
54	100
54	24
54	43
54	26
54	94
54	9
54	22
54	72
54	5
54	56
54	92
54	45
54	35
54	97
54	30
54	90
54	41
54	28
54	75
54	74
54	12
54	66
54	71
54	62
54	56
54	64
54	23
54	8
54	16
54	65
54	15
54	38
54	47
54	20
54	2
54	15
54	77
54	94
54	25
54	21
54	66
54	87
54	88
54	51
54	16
54	11
54	9
54	49
54	15
54	53
54	83
54	1
54	61
54	6
54	34
54	29
54	42
54	93
54	34
54	50
54	15
54	73
54	94
54	31
54	2
54	61
54	57
54	47
54	57
54	47
54	9
54	39
54	20
54	47
54	4
54	64
54	4
54	73
54	10
54	17
54	7
54	92
54	6
54	44
54	63
54	87
54	46
54	61
54	31
54	23
54	70
54	3
54	51
54	74
54	94
54	80
54	63
54	42
54	95
54	67
54	52
54	82
54	39
54	26
54	99
54	90
54	100
54	46
54	59
54	5
54	45
54	90
54	47
54	55
54	16
54	70
54	50
54	71
54	55
54	48
54	91
54	46
54	63
54	80
54	96
54	56
54	71
54	33
54	27
54	99
54	28
54	14
54	49
54	81
54	35
54	63
54	65
54	10
54	27
54	43
54	82
54	12
54	20
54	85
54	31
54	12
54	60
54	58
54	29
54	57
54	33
54	7
54	83
54	25
54	83
54	90
54	92
54	63
54	10
54	2
54	83
54	18
54	39
54	5
54	68
54	22
54	16
54	63
54	89
54	11
54	5
54	18
54	75
54	10
54	90
54	98
54	43
54	27
54	51
54	98
54	52
54	61
54	82
54	91
54	62
54	80
54	33
54	16
54	22
54	62
54	4
54	98
54	66
54	72
54	42
54	98
54	37
54	63
54	73
54	8
54	98
54	89
54	35
54	30
54	27
54	87
54	58
54	89
54	44
54	63
54	17
54	92
54	7
54	76
54	85
54	4
54	79
54	10
54	91
54	57
54	21
54	60
54	84
54	27
54	10
54	46
54	14
54	5
54	27
54	50
54	12
54	91
54	39
54	45
54	93
54	9
54	71
54	33
54	64
54	44
54	7
54	94
54	29
54	27
54	6
54	83
54	60
54	39
54	23
54	81
54	67
54	5
54	88
54	11
54	68
54	86
54	60
54	90
54	45
54	76
54	94
54	86
54	31
54	29
54	11
54	9
54	54
54	90
54	63
54	4
54	2
54	69
54	11
54	61
54	81
54	47
54	98
54	40
54	62
54	30
54	50
54	26
54	10
54	87
54	46
54	96
54	74
54	21
54	81
54	63
54	59
54	31
54	82
54	9
54	62
54	96
54	7
54	95
54	2
54	31
54	31
54	59
54	36
54	69
54	84
54	57
54	65
54	99
54	76
54	20
54	87
54	24
54	55
54	33
54	26
54	34
54	99
54	84
54	43
54	78
54	22
54	1
54	48
54	76
54	38
54	45
54	47
54	20
54	29
54	61
54	64
54	93
54	52
54	24
54	48
54	46
54	6
54	55
54	83
54	78
54	9
54	32
54	27
54	68
54	38
54	34
54	51
54	27
54	31
54	60
54	26
54	22
54	92
54	75
54	85
54	49
54	83
54	69
54	83
54	3
54	13
54	14
54	35
54	12
54	96
54	37
54	76
54	92
54	50
54	48
54	65
54	44
54	66
54	85
54	23
54	22
54	9
54	85
54	32
54	58
54	13
54	45
54	81
54	56
54	74
54	80
54	48
54	56
54	98
54	25
54	98
54	98
54	25
54	5
54	27
54	23
54	92
54	14
54	86
54	96
54	6
54	51
54	16
54	44
54	73
54	38
54	69
54	69
54	80
54	47
54	61
54	79
54	44
54	76
54	43
54	90
54	57
54	4
54	16
54	51
54	63
54	76
54	100
54	18
54	70
54	75
54	4
54	77
54	72
54	96
54	38
54	43
54	18
54	9
54	71
54	97
54	51
54	95
54	21
54	76
54	2
54	54
54	19
54	57
54	3
54	81
54	90
54	24
54	12
54	40
54	83
54	88
54	11
54	2
54	47
54	2
54	66
54	97
54	46
54	16
54	31
54	22
54	86
54	40
54	18
54	57
54	89
54	88
54	98
54	85
54	48
54	33
54	97
54	91
54	77
54	21
54	35
54	12
54	91
54	81
54	79
54	67
54	46
54	23
54	40
54	24
54	1
54	99
54	39
54	58
54	96
54	39
54	65
54	77
54	64
54	18
54	73
54	3
54	34
54	33
54	41
54	79
54	89
54	47
54	20
54	46
54	100
54	17
54	46
54	75
54	48
54	43
54	99
54	76
54	3
54	90
54	34
54	84
54	1
54	26
54	80
54	46
54	38
54	22
54	22
54	74
54	18
54	69
54	21
54	52
54	14
54	37
54	41
54	6
54	64
54	21
54	26
54	88
54	14
54	48
54	37
54	13
54	18
54	49
54	59
54	75
54	33
54	23
54	46
54	48
54	13
54	39
54	15
54	71
54	61
54	31
54	38
54	100
54	14
54	62
54	31
54	48
54	2
54	36
54	66
54	100
54	72
54	81
54	64
54	5
54	71
54	33
54	39
54	95
54	36
54	91
54	81
54	25
54	77
54	62
54	88
54	67
54	5
54	70
54	52
54	93
54	43
54	91
54	85
54	2
54	97
54	85
54	42
54	78
54	8
54	28
54	9
54	36
54	57
54	91
54	71
54	71
54	78
54	38
54	95
54	52
54	7
55	29434
55	11
55	91
55	85
55	52
55	2
55	88
55	29
55	88
55	33
55	47
55	94
55	45
55	24
55	74
55	27
55	70
55	45
55	86
55	88
55	13
55	60
55	13
55	7
55	84
55	29
55	40
55	37
55	15
55	6
55	55
55	25
55	54
55	14
55	66
55	29
55	19
55	56
55	19
55	41
55	13
55	49
55	81
55	4
55	94
55	50
55	68
55	47
55	66
55	31
55	64
55	79
55	19
55	28
55	57
55	73
55	16
55	95
55	48
55	14
55	13
55	47
55	96
55	71
55	35
55	27
55	80
55	9
55	46
55	5
55	92
55	78
55	19
55	70
55	21
55	80
55	74
55	85
55	41
55	19
55	89
55	98
55	76
55	37
55	40
55	23
55	80
55	83
55	46
55	20
55	68
55	16
55	58
55	61
55	44
55	88
55	78
55	15
55	13
55	34
55	91
55	43
55	47
55	26
55	50
55	49
55	2
55	52
55	64
55	8
55	74
55	71
55	77
55	36
55	84
55	47
55	55
55	81
55	70
55	13
55	3
55	75
55	27
55	40
55	99
55	37
55	25
55	62
55	49
55	6
55	17
55	27
55	28
55	79
55	60
55	88
55	2
55	18
55	25
55	29
55	57
55	49
55	93
55	27
55	23
55	31
55	47
55	69
55	74
55	70
55	78
55	3
55	86
55	17
55	26
55	64
55	63
55	73
55	22
55	3
55	95
55	50
55	91
55	22
55	48
55	11
55	45
55	71
55	64
55	18
55	69
55	33
55	57
55	26
55	53
55	60
55	72
55	56
55	76
55	4
55	62
55	99
55	36
55	38
55	2
55	1
55	65
55	56
55	60
55	3
55	6
55	12
55	12
55	39
55	87
55	29
55	73
55	81
55	55
55	87
55	17
55	8
55	93
55	8
55	43
55	58
55	86
55	89
55	25
55	43
55	58
55	58
55	5
55	30
55	28
55	86
55	78
55	10
55	99
55	94
55	81
55	15
55	79
55	1
55	51
55	59
55	8
55	98
55	32
55	52
55	75
55	23
55	16
55	18
55	95
55	49
55	71
55	23
55	93
55	42
55	9
55	11
55	91
55	32
55	67
55	36
55	43
55	9
55	86
55	29
55	55
55	16
55	52
55	55
55	63
55	24
55	6
55	96
55	37
55	49
55	58
55	67
55	9
55	20
55	31
55	67
55	67
55	6
55	43
55	2
55	6
55	50
55	40
55	81
55	72
55	1
55	77
55	64
55	78
55	28
55	50
55	35
55	86
55	84
55	91
55	25
55	10
55	48
55	30
55	76
55	60
55	14
55	42
55	21
55	50
55	30
55	71
55	27
55	98
55	4
55	8
55	55
55	89
55	27
55	62
55	38
55	7
55	27
55	22
55	44
55	26
55	76
55	64
55	35
55	89
55	88
55	14
55	57
55	45
55	42
55	42
55	64
55	14
55	35
55	8
55	24
55	64
55	74
55	64
55	60
55	75
55	43
55	41
55	98
55	6
55	66
55	81
55	86
55	72
55	57
55	61
55	98
55	19
55	87
55	83
55	20
55	51
55	42
55	46
55	93
55	36
55	9
55	63
55	83
55	32
55	69
55	47
55	73
55	35
55	81
55	25
55	92
55	39
55	16
55	46
55	3
55	37
55	28
55	65
55	49
55	97
55	53
55	44
55	11
55	49
55	82
55	40
55	66
55	72
55	39
55	78
55	28
55	2
55	28
55	35
55	10
55	19
55	62
55	69
55	17
55	40
55	34
55	78
55	63
55	30
55	100
55	36
55	98
55	58
55	43
55	46
55	63
55	99
55	9
55	59
55	80
55	40
55	94
55	29
55	54
55	5
55	92
55	38
55	71
55	37
55	43
55	75
55	81
55	16
55	21
55	17
55	31
55	77
55	82
55	63
55	11
55	87
55	68
55	42
55	94
55	57
55	8
55	85
55	15
55	37
55	7
55	79
55	39
55	15
55	82
55	5
55	32
55	72
55	31
55	98
55	63
55	84
55	65
55	8
55	72
55	96
55	57
55	99
55	73
55	24
55	71
55	99
55	44
55	48
55	77
55	99
55	14
55	35
55	94
55	44
55	73
55	19
55	48
55	36
55	64
55	95
55	92
55	65
55	93
55	9
55	91
55	96
55	13
55	16
55	17
55	41
55	96
55	55
55	30
55	82
55	72
55	58
55	41
55	36
55	33
55	97
55	74
55	56
55	42
55	29
55	50
55	13
55	68
55	30
55	26
55	96
55	40
55	3
55	100
55	40
55	9
55	79
55	51
55	4
55	89
55	71
55	88
55	12
55	71
55	33
55	56
55	99
55	77
55	90
55	40
55	56
55	90
55	5
55	78
55	66
55	79
55	20
55	23
55	54
55	57
55	11
55	83
55	66
55	21
55	1
55	2
55	63
55	72
55	8
55	68
55	100
55	34
55	90
55	44
55	78
55	3
55	19
55	27
55	20
55	47
55	76
55	96
55	67
55	88
55	30
55	80
55	100
55	20
55	71
55	59
55	88
55	41
55	59
55	3
55	96
55	50
55	26
55	96
55	57
55	83
55	2
55	60
55	88
55	32
55	17
55	33
55	83
55	46
55	1
55	84
55	48
55	4
55	35
55	18
55	47
55	42
55	5
55	19
55	42
55	28
55	39
55	38
55	8
55	75
55	81
55	82
55	15
55	70
55	64
55	3
55	90
55	63
55	81
55	85
55	27
55	97
55	98
55	54
55	60
55	74
55	95
55	6
55	62
55	19
55	44
55	52
56	30209
56	78
56	10
56	47
56	28
56	78
56	37
56	17
56	63
56	42
56	60
56	86
56	17
56	75
56	58
56	4
56	89
56	70
56	4
56	21
56	32
56	19
56	17
56	24
56	12
56	57
56	87
56	69
56	46
56	57
56	32
56	61
56	82
56	56
56	48
56	97
56	12
56	80
56	100
56	80
56	2
56	26
56	43
56	37
56	20
56	52
56	29
56	41
56	27
56	32
56	18
56	29
56	41
56	79
56	55
56	60
56	13
56	40
56	27
56	23
56	23
56	51
56	47
56	81
56	61
56	56
56	53
56	12
56	94
56	38
56	52
56	17
56	42
56	28
56	9
56	6
56	38
56	3
56	19
56	71
56	63
56	50
56	6
56	10
56	77
56	47
56	70
56	3
56	98
56	15
56	5
56	4
56	95
56	66
56	51
56	25
56	22
56	50
56	75
56	61
56	40
56	89
56	16
56	12
56	81
56	3
56	30
56	41
56	15
56	16
56	28
56	84
56	64
56	35
56	76
56	49
56	49
56	74
56	88
56	85
56	86
56	23
56	81
56	66
56	75
56	71
56	85
56	1
56	43
56	67
56	44
56	14
56	53
56	31
56	78
56	5
56	80
56	24
56	95
56	15
56	13
56	67
56	4
56	47
56	97
56	45
56	95
56	29
56	93
56	34
56	85
56	66
56	24
56	75
56	68
56	63
56	53
56	16
56	65
56	40
56	13
56	46
56	75
56	86
56	11
56	82
56	91
56	16
56	44
56	11
56	30
56	1
56	95
56	40
56	74
56	97
56	65
56	99
56	75
56	40
56	61
56	54
56	33
56	77
56	87
56	41
56	24
56	31
56	38
56	37
56	45
56	53
56	17
56	24
56	100
56	30
56	52
56	4
56	38
56	17
56	1
56	100
56	18
56	80
56	94
56	39
56	98
56	91
56	2
56	35
56	9
56	58
56	50
56	60
56	42
56	23
56	17
56	12
56	59
56	49
56	28
56	75
56	22
56	85
56	19
56	81
56	74
56	8
56	27
56	66
56	97
56	88
56	54
56	100
56	49
56	69
56	35
56	30
56	91
56	58
56	8
56	71
56	14
56	29
56	46
56	62
56	22
56	17
56	41
56	59
56	95
56	27
56	34
56	71
56	43
56	86
56	99
56	21
56	13
56	8
56	92
56	83
56	75
56	25
56	41
56	76
56	66
56	79
56	39
56	87
56	68
56	17
56	45
56	7
56	22
56	25
56	21
56	52
56	37
56	71
56	30
56	62
56	56
56	65
56	36
56	61
56	49
56	76
56	79
56	17
56	5
56	43
56	69
56	75
56	42
56	43
56	50
56	30
56	47
56	90
56	80
56	68
56	61
56	90
56	62
56	30
56	78
56	1
56	35
56	57
56	89
56	15
56	46
56	42
56	8
56	44
56	94
56	57
56	22
56	32
56	6
56	79
56	51
56	89
56	51
56	20
56	25
56	14
56	56
56	100
56	79
56	68
56	25
56	92
56	51
56	82
56	94
56	59
56	81
56	30
56	89
56	83
56	82
56	82
56	20
56	54
56	25
56	89
56	89
56	25
56	72
56	61
56	30
56	98
56	77
56	14
56	72
56	22
56	10
56	12
56	11
56	59
56	67
56	85
56	23
56	48
56	76
56	61
56	86
56	99
56	36
56	35
56	88
56	32
56	29
56	10
56	21
56	95
56	11
56	53
56	16
56	40
56	25
56	6
56	34
56	13
56	82
56	42
56	23
56	64
56	7
56	91
56	47
56	41
56	40
56	85
56	84
56	2
56	59
56	97
56	84
56	26
56	54
56	98
56	62
56	2
56	30
56	18
56	58
56	63
56	43
56	84
56	13
56	55
56	52
56	32
56	57
56	39
56	56
56	7
56	33
56	90
56	15
56	61
56	44
56	52
56	87
56	60
56	99
56	40
56	7
56	7
56	63
56	86
56	56
56	69
56	80
56	56
56	92
56	97
56	73
56	33
56	70
56	12
56	39
56	37
56	100
56	39
56	74
56	33
56	24
56	41
56	92
56	60
56	50
56	14
56	7
56	18
56	92
56	65
56	59
56	5
56	23
56	58
56	10
56	29
56	21
56	49
56	34
56	86
56	27
56	72
56	63
56	90
56	41
56	17
56	87
56	12
56	59
56	68
56	66
56	22
56	78
56	55
56	46
56	41
56	83
56	33
56	2
56	19
56	98
56	40
56	8
56	77
56	5
56	76
56	54
56	48
56	50
56	80
56	15
56	35
56	90
56	79
56	96
56	70
56	78
56	13
56	50
56	87
56	34
56	27
56	47
56	59
56	19
56	53
56	25
56	68
56	31
56	55
56	7
56	48
56	74
56	85
56	94
56	34
56	46
56	9
56	45
56	59
56	71
56	100
56	53
56	20
56	90
56	24
56	60
56	67
56	82
56	17
56	12
56	80
56	57
56	5
56	84
56	43
56	91
56	37
56	54
56	45
56	62
56	22
56	21
56	73
56	7
56	27
56	62
56	68
56	23
56	4
56	79
56	81
56	45
56	5
56	60
56	8
56	42
56	40
56	93
56	40
56	89
56	41
56	9
56	19
56	100
56	15
56	67
56	72
56	33
56	54
56	89
56	11
56	51
56	78
56	90
56	15
56	93
56	43
56	39
56	84
56	92
56	29
56	81
56	68
56	37
56	87
56	26
56	99
56	4
56	36
56	63
56	89
56	52
56	52
56	98
56	54
56	27
56	23
56	81
56	58
56	12
56	16
56	36
56	47
56	53
56	62
56	86
56	21
56	65
56	83
56	60
56	36
56	65
56	14
56	21
56	31
56	72
56	70
56	17
56	60
56	36
56	48
56	18
56	36
56	78
56	69
56	6
56	43
56	44
56	99
56	24
56	77
56	81
56	78
56	98
56	49
56	25
56	45
56	3
56	72
56	8
56	45
56	89
56	68
56	97
56	38
56	99
56	7
56	54
56	19
56	40
56	58
56	55
56	65
56	84
56	65
56	84
56	27
56	85
56	42
56	2
56	64
56	22
56	74
56	16
56	89
56	7
56	45
56	66
56	54
56	18
56	70
56	18
56	42
56	81
56	79
56	57
56	34
56	57
56	35
56	85
56	56
56	100
56	61
56	15
56	79
56	46
56	78
56	22
56	70
56	41
56	72
56	84
56	54
56	99
56	6
56	77
56	83
56	80
56	74
56	6
56	53
56	49
56	66
56	47
56	32
56	40
56	92
56	5
56	36
56	62
56	69
56	35
56	44
56	19
56	22
56	74
56	95
56	65
56	100
56	5
56	18
56	80
56	96
56	44
56	75
56	38
56	50
56	49
56	68
56	58
56	5
56	7
56	4
56	92
56	67
56	88
56	39
56	11
56	58
56	49
56	49
56	13
56	89
56	10
56	82
56	57
56	36
56	93
56	70
56	77
56	6
56	14
56	59
56	20
56	65
56	41
56	88
56	99
56	34
56	7
56	40
56	74
56	30
56	27
56	86
56	58
56	83
56	50
56	25
56	76
56	52
56	24
56	61
56	28
56	68
56	80
56	59
56	93
56	87
56	18
56	10
56	37
56	99
56	5
56	18
56	24
56	73
56	23
56	72
56	27
56	38
56	63
56	92
56	4
56	90
56	81
56	96
56	75
56	55
56	74
56	71
56	85
56	11
56	34
56	73
56	44
56	29
56	4
56	24
56	3
56	53
56	95
56	96
56	45
56	99
56	93
56	53
56	94
56	93
56	95
56	24
56	17
56	25
56	33
56	57
56	46
56	67
56	73
56	1
56	98
56	22
56	33
56	96
56	81
56	62
57	30403
57	4466
57	697
57	2267
57	163
57	1995
57	6916
57	7299
57	413
57	9657
57	3665
58	30593
58	4573
58	3368
59	31339
59	47
59	75
59	23
59	26
59	84
59	89
59	66
59	80
59	84
59	66
59	90
59	98
59	43
59	39
59	51
59	60
59	43
59	84
59	39
59	19
59	65
59	74
59	13
59	5
59	68
59	3
59	38
59	62
59	100
59	23
59	3
59	10
59	18
59	36
59	3
59	76
59	32
59	96
59	97
59	76
59	62
59	68
59	1
59	19
59	75
59	86
59	88
59	9
59	17
59	21
59	94
59	65
59	47
59	52
59	15
59	37
59	14
59	79
59	37
59	91
59	17
59	9
59	63
59	88
59	32
59	13
59	73
59	71
59	17
59	4
59	25
59	67
59	75
59	36
59	22
59	94
59	49
59	51
59	52
59	13
59	53
59	66
59	21
59	24
59	51
59	44
59	52
59	86
59	30
59	62
59	8
59	100
59	1
59	68
59	49
59	46
59	52
59	26
59	31
59	33
59	25
59	91
59	57
59	41
59	11
59	44
59	93
59	49
59	27
59	100
59	89
59	29
59	11
59	9
59	32
59	41
59	28
59	77
59	39
59	68
59	20
59	92
59	1
59	78
59	97
59	69
59	89
59	26
59	31
59	11
59	58
59	19
59	77
59	48
59	92
59	33
59	30
59	23
59	99
59	39
59	74
59	55
59	87
59	95
59	5
59	46
59	91
59	47
59	40
59	86
59	59
59	74
59	14
59	59
59	82
59	36
59	12
59	28
59	16
59	66
59	28
59	33
59	33
59	53
59	93
59	12
59	37
59	12
59	42
59	95
59	100
59	97
59	27
59	69
59	16
59	74
59	64
59	88
59	93
59	16
59	11
59	51
59	22
59	98
59	38
59	69
59	29
59	56
59	37
59	5
59	46
59	54
59	25
59	69
59	88
59	53
59	54
59	53
59	19
59	13
59	82
59	46
59	90
59	37
59	73
59	22
59	63
59	94
59	2
59	93
59	98
59	38
59	7
59	6
59	32
59	37
59	12
59	88
59	79
59	26
59	96
59	60
59	83
59	20
59	70
59	32
59	32
59	27
59	100
59	81
59	26
59	58
59	42
59	91
59	56
59	95
59	85
59	88
59	19
59	41
59	54
59	38
59	70
59	89
59	78
59	99
59	18
59	90
59	23
59	93
59	5
59	29
59	77
59	4
59	95
59	95
59	18
59	70
59	16
59	69
59	35
59	12
59	37
59	10
59	96
59	86
59	76
59	28
59	65
59	32
59	54
59	55
59	30
59	8
59	64
59	26
59	20
59	28
59	70
59	38
59	21
59	100
59	50
59	26
59	98
59	93
59	15
59	3
59	2
59	95
59	61
59	22
59	64
59	38
59	76
59	27
59	80
59	26
59	7
59	35
59	38
59	77
59	54
59	76
59	20
59	29
59	23
59	67
59	11
59	13
59	36
59	27
59	91
59	2
59	80
59	86
59	51
59	37
59	9
59	29
59	97
59	93
59	29
59	36
59	31
59	73
59	68
59	45
59	74
59	88
59	16
59	59
59	61
59	96
59	38
59	93
59	25
59	15
59	23
59	7
59	60
59	65
59	35
59	18
59	56
59	82
59	1
59	5
59	78
59	35
59	69
59	8
59	17
59	65
59	63
59	100
59	96
59	94
59	14
59	59
59	27
59	73
59	97
59	97
59	82
59	79
59	36
59	49
59	41
59	65
59	26
59	14
59	31
59	79
59	17
59	58
59	46
59	34
59	99
59	79
59	31
59	34
59	80
59	2
59	7
59	44
59	56
59	73
59	15
59	54
59	61
59	37
59	91
59	80
59	34
59	87
59	10
59	20
59	59
59	39
59	59
59	69
59	86
59	58
59	78
59	19
59	48
59	3
59	97
59	62
59	34
59	68
59	60
59	12
59	6
59	96
59	67
59	48
59	8
59	69
59	51
59	6
59	99
59	27
59	1
59	77
59	57
59	16
59	36
59	80
59	15
59	69
59	33
59	65
59	53
59	29
59	60
59	40
59	41
59	68
59	29
59	89
59	61
59	7
59	87
59	82
59	52
59	69
59	63
59	9
59	99
59	62
59	94
59	81
59	52
59	4
59	55
59	19
59	30
59	97
59	69
59	76
59	23
59	9
59	50
59	1
59	36
59	77
59	66
59	95
59	7
59	37
59	44
59	36
59	14
59	13
59	11
59	28
59	42
59	2
59	83
59	32
59	47
59	42
59	13
59	85
59	91
59	2
59	45
59	53
59	40
59	65
59	22
59	43
59	77
59	7
59	75
59	60
59	73
59	48
59	12
59	78
59	58
59	79
59	100
59	22
59	99
59	37
59	88
59	51
59	78
59	50
59	73
59	38
59	95
59	79
59	6
59	53
59	49
59	92
59	89
59	67
59	19
59	51
59	5
59	15
59	5
59	95
59	99
59	76
59	40
59	44
59	60
59	52
59	26
59	46
59	15
59	22
59	67
59	12
59	51
59	54
59	14
59	53
59	18
59	32
59	76
59	44
59	100
59	16
59	52
59	43
59	15
59	33
59	63
59	66
59	80
59	86
59	73
59	55
59	57
59	19
59	84
59	69
59	3
59	20
59	38
59	66
59	39
59	58
59	86
59	45
59	9
59	39
59	5
59	18
59	2
59	54
59	3
59	48
59	36
59	30
59	48
59	27
59	39
59	88
59	91
59	65
59	16
59	92
59	92
59	85
59	53
59	79
59	90
59	11
59	68
59	73
59	4
59	18
59	58
59	40
59	96
59	11
59	75
59	36
59	79
59	25
59	16
59	59
59	42
59	24
59	2
59	13
59	66
59	13
59	5
59	16
59	90
59	26
59	3
59	67
59	67
59	10
59	55
59	2
59	66
59	3
59	93
59	77
59	58
59	8
59	70
59	36
59	67
59	82
59	79
59	49
59	80
59	16
59	46
59	80
59	10
59	30
59	62
59	49
59	61
59	95
59	10
59	66
59	5
59	2
59	76
59	24
59	46
59	7
59	93
59	37
59	71
59	19
59	16
59	57
59	18
59	15
59	90
59	11
59	27
59	63
59	11
59	35
59	33
59	9
59	3
59	14
59	55
59	3
59	28
59	98
59	93
59	20
59	94
59	61
59	23
59	96
59	92
59	6
59	16
59	74
59	31
59	32
59	55
59	52
59	45
59	96
59	99
59	55
59	21
59	73
59	13
59	66
59	45
59	89
59	83
59	89
59	40
59	99
59	63
59	25
59	25
59	67
59	87
59	42
59	21
59	57
59	92
59	100
59	14
59	67
59	95
59	98
59	42
59	46
59	47
59	30
59	29
59	45
59	39
59	2
59	63
59	94
59	76
59	83
59	97
59	83
59	56
59	20
59	6
59	8
59	43
59	44
59	99
59	100
59	37
59	79
59	16
59	89
59	36
59	60
59	50
59	24
59	71
59	88
59	55
59	98
59	50
59	7
59	17
59	46
59	82
59	30
59	91
59	53
59	9
59	2
59	62
59	92
59	87
59	48
59	90
59	36
59	38
59	6
59	24
59	19
59	87
59	2
59	94
59	60
59	3
59	14
59	5
59	28
59	43
59	94
59	6
59	42
59	85
59	97
59	26
59	63
59	75
59	14
59	56
59	32
59	42
59	23
59	86
59	78
59	81
59	15
59	97
59	5
59	20
59	45
59	47
59	83
59	49
59	9
59	55
59	25
59	18
59	43
59	82
59	16
59	1
59	90
59	57
59	79
59	41
59	79
59	76
59	28
59	20
59	48
59	64
59	46
59	50
59	17
60	31481
60	5974
60	2339
60	6166
60	1198
61	32263
61	6
61	52
61	59
61	14
61	62
61	97
61	97
61	86
61	13
61	52
61	31
61	85
61	85
61	50
61	53
61	93
61	39
61	31
61	84
61	32
61	29
61	81
61	77
61	85
61	96
61	45
61	59
61	93
61	85
61	63
61	50
61	99
61	48
61	41
61	69
61	53
61	54
61	46
61	40
61	39
61	49
61	93
61	100
61	94
61	60
61	46
61	32
61	4
61	97
61	61
61	26
61	51
61	83
61	36
61	52
61	76
61	63
61	55
61	79
61	29
61	85
61	60
61	50
61	31
61	99
61	90
61	85
61	21
61	62
61	92
61	58
61	53
61	11
61	93
61	95
61	75
61	55
61	10
61	27
61	70
61	38
61	95
61	45
61	72
61	87
61	28
61	64
61	83
61	54
